United States ........ 3,752,953 100.0 67,985 191,261 1,118,466 155,521 1,129,102 878,563 8,283 37,276 117,904 28,527 20,065
Alabama ........... 35,687 1.0 297 2,369 17,779 1,662 5,522 6,704 56 177 831 148 142
Alaska ............ 29,129 0.8 1,068 1,088 17,200 437 5,184 2,603 67 650 607 147 78
Arizona ........... 68,679 1.8 1,218 3,073 24,209 1,749 19,854 14,982 110 677 2,042 505 260
Arkansas .......... 28,420 0.8 226 1,111 16,674 636 3,698 5,032 36 175 593 80 159
California .......... 729,521 19.4 18,669 26,885 186,537 33,007 305,384 114,615 1,945 10,159 20,708 7,143 4,469
Colorado .......... 69,536 1.9 867 2,624 25,945 1,962 19,740 14,460 132 746 2,096 637 327
Connecticut ......... 38,838 1.0 433 3,610 7,915 1,805 8,390 14,104 94 202 1,834 268 183
Delaware .......... 8,884 0.2 81 930 1,657 454 1,802 3,405 20 27 409 53 46
District of Columbia .... 7,266 0.2 57 1,436 643 728 1,499 2,014 32 30 666 86 75
Florida ............ 165,104 4.4 2,045 7,527 45,246 14,882 43,719 43,562 349 1,032 3,960 1,995 787
Georgia ........... 71,832 1.9 1,087 5,772 19,776 5,228 15,766 19,925 242 475 2,415 627 519
Hawaii ............ 184,310 4.9 4,185 688 6,244 4,178 154,906 2,549 440 8,016 835 1,490 779
Idaho ............. 16,320 0.4 214 162 8,317 125 5,115 1,815 10 178 250 47 87
Illinois ............ 114,489 3.1 2,061 6,524 25,811 4,060 33,890 35,887 235 625 4,117 753 526
Indiana ........... 55,399 1.5 364 1,969 18,393 1,264 10,560 20,199 118 282 1,738 298 214
Iowa ............. 22,809 0.6 236 596 7,198 352 5,133 8,228 26 134 714 109 83
Kansas ........... 40,309 1.1 315 2,013 17,927 871 6,804 10,483 66 223 1,247 219 141
Kentucky .......... 34,095 0.9 224 1,209 13,025 794 5,777 11,610 41 208 869 180 158
Louisiana .......... 32,822 0.9 407 2,781 11,938 1,742 6,233 7,624 89 219 1,347 231 211
Maine ............ 10,513 0.3 65 128 5,454 114 2,334 2,019 4 77 221 49 48
Maryland .......... 66,887 1.8 978 6,706 10,718 4,561 17,374 20,871 245 346 3,867 708 513
Massachusetts ....... 69,013 1.8 886 4,168 13,281 2,864 18,499 25,194 142 337 2,857 409 376
Michigan .......... 129,311 3.4 1,108 8,696 47,965 3,204 23,262 37,165 221 642 5,869 603 576
Minnesota .......... 59,304 1.6 929 2,478 19,038 1,357 13,476 18,583 63 287 2,495 366 232
Mississippi ......... 15,646 0.4 176 1,400 5,372 1,294 2,838 3,667 50 109 474 105 161
Missouri ........... 63,951 1.7 372 3,241 28,469 1,545 11,245 16,283 97 393 1,726 299 281
Montana ........... 13,377 0.4 160 314 9,222 51 2,153 1,069 6 119 208 37 38
Nebraska .......... 16,263 0.4 157 737 5,449 394 3,880 4,903 16 94 501 75 57
Nevada ........... 41,922 1.1 630 1,321 11,262 1,706 16,404 8,442 88 575 941 377 176
New Hampshire ...... 10,041 0.3 85 160 4,170 134 2,739 2,271 9 62 299 41 71
New Jersey ......... 88,969 2.4 2,598 7,534 12,041 5,744 25,471 29,479 265 355 3,936 854 692
New Mexico ........ 25,090 0.7 476 1,174 12,433 424 5,337 4,009 35 227 754 85 136
New York .......... 242,884 6.5 10,700 22,033 32,799 21,557 54,121 85,423 854 779 10,522 2,267 1,829
North Carolina ....... 68,999 1.8 1,008 6,251 19,934 3,366 14,213 20,226 161 399 2,536 487 418
North Dakota ........ 5,935 0.2 84 151 3,391 94 1,132 832 5 34 147 43 22
Ohio ............. 120,796 3.2 701 7,878 35,153 3,063 20,227 45,881 201 478 5,951 694 569
Oklahoma .......... 138,053 3.7 930 7,693 105,353 1,080 8,605 10,626 110 678 2,570 238 170
Oregon ........... 73,277 2.0 908 1,417 33,687 943 21,912 10,766 76 1,037 1,783 406 342
Pennsylvania ........ 96,287 2.6 1,173 7,440 19,290 3,737 19,289 39,081 224 386 4,432 646 589
Rhode Island ........ 13,452 0.4 202 1,625 2,665 400 2,838 4,855 36 68 639 82 42
South Carolina ....... 29,319 0.8 344 2,337 8,996 1,777 5,759 8,358 117 177 1,015 193 246
South Dakota ....... 8,567 0.2 143 291 5,232 74 1,345 1,217 6 35 176 33 15
Tennessee ......... 47,497 1.3 372 2,213 19,333 1,448 9,219 12,988 66 287 1,136 227 208
Texas ............ 195,317 5.2 3,451 8,007 70,475 7,488 52,593 44,373 338 1,365 4,775 1,315 1,137
Utah ............. 27,023 0.7 435 405 8,234 486 12,048 4,501 19 284 384 140 87
Vermont ........... 6,143 0.2 24 101 3,538 52 1,162 962 1 34 198 36 35
Virginia ........... 94,035 2.5 1,068 6,473 18,172 4,845 30,962 26,487 255 608 3,749 835 581
Washington ......... 154,722 4.1 2,962 3,966 48,998 4,776 56,784 27,853 383 2,440 4,124 1,557 879
West Virginia ........ 13,571 0.4 45 375 6,050 190 2,042 4,289 20 62 388 56 54
Wisconsin .......... 47,621 1.3 709 2,092 16,470 767 9,693 15,299 60 216 1,856 234 225
Wyoming .......... 5,719 0.2 52 89 3,388 50 1,170 790 2 51 97 14 16