United States .................... 281,421,906 3,752,953 1.3 80,473,265 1,910,926 2.4 200,948,641 1,842,027 0.9
Alabama ....................... 4,447,100 35,687 0.8 1,256,169 15,282 1.2 3,190,931 20,405 0.6
Alaska ........................ 626,932 29,129 4.6 208,117 17,217 8.3 418,815 11,912 2.8
Arizona ....................... 5,130,632 68,679 1.3 1,518,188 37,166 2.4 3,612,444 31,513 0.9
Arkansas ...................... 2,673,400 28,420 1.1 760,509 12,329 1.6 1,912,891 16,091 0.8
California ...................... 33,871,648 729,521 2.2 10,234,571 374,233 3.7 23,637,077 355,288 1.5
Colorado ...................... 4,301,261 69,536 1.6 1,224,668 36,670 3.0 3,076,593 32,866 1.1
Connecticut ..................... 3,405,565 38,838 1.1 925,702 20,375 2.2 2,479,863 18,463 0.7
Delaware ...................... 783,600 8,884 1.1 218,250 5,054 2.3 565,350 3,830 0.7
District of Columbia ................ 572,059 7,266 1.3 135,806 2,198 1.6 436,253 5,068 1.2
Florida ........................ 15,982,378 165,104 1.0 4,048,632 74,713 1.8 11,933,746 90,391 0.8
Georgia ....................... 8,186,453 71,832 0.9 2,414,770 34,907 1.4 5,771,683 36,925 0.6
Hawaii ........................ 1,211,537 184,310 15.2 327,251 91,515 28.0 884,286 92,795 10.5
Idaho ......................... 1,293,953 16,320 1.3 413,865 8,531 2.1 880,088 7,789 0.9
Illinois ........................ 12,419,293 114,489 0.9 3,605,506 61,353 1.7 8,813,787 53,136 0.6
Indiana ....................... 6,080,485 55,399 0.9 1,763,386 30,855 1.7 4,317,099 24,544 0.6
Iowa ......................... 2,926,324 22,809 0.8 827,983 14,015 1.7 2,098,341 8,794 0.4
Kansas ....................... 2,688,418 40,309 1.5 798,418 22,152 2.8 1,890,000 18,157 1.0
Kentucky ...................... 4,041,769 34,095 0.8 1,113,644 17,563 1.6 2,928,125 16,532 0.6
Louisiana ...................... 4,468,976 32,822 0.7 1,368,029 14,969 1.1 3,100,947 17,853 0.6
Maine ........................ 1,274,923 10,513 0.8 335,485 5,220 1.6 939,438 5,293 0.6
Maryland ...................... 5,296,486 66,887 1.3 1,492,965 35,530 2.4 3,803,521 31,357 0.8
Massachusetts ................... 6,349,097 69,013 1.1 1,675,113 34,349 2.1 4,673,984 34,664 0.7
Michigan ...................... 9,938,444 129,311 1.3 2,884,065 69,385 2.4 7,054,379 59,926 0.8
Minnesota ...................... 4,919,479 59,304 1.2 1,434,845 36,282 2.5 3,484,634 23,022 0.7
Mississippi ..................... 2,844,658 15,646 0.6 873,214 7,176 0.8 1,971,444 8,470 0.4
Missouri ....................... 5,595,211 63,951 1.1 1,594,172 31,691 2.0 4,001,039 32,260 0.8
Montana ....................... 902,195 13,377 1.5 257,440 6,790 2.6 644,755 6,587 1.0
Nebraska ...................... 1,711,263 16,263 1.0 504,336 9,870 2.0 1,206,927 6,393 0.5
Nevada ....................... 1,998,257 41,922 2.1 561,501 22,260 4.0 1,436,756 19,662 1.4
New Hampshire .................. 1,235,786 10,041 0.8 344,165 4,974 1.4 891,621 5,067 0.6
New Jersey ..................... 8,414,350 88,969 1.1 2,284,107 42,323 1.9 6,130,243 46,646 0.8
New Mexico .................... 1,819,046 25,090 1.4 564,859 12,809 2.3 1,254,187 12,281 1.0
New York ...................... 18,976,457 242,884 1.3 5,211,251 106,659 2.0 13,765,206 136,225 1.0
North Carolina ................... 8,049,313 68,999 0.9 2,193,360 35,946 1.6 5,855,953 33,053 0.6
North Dakota .................... 642,200 5,935 0.9 183,464 3,512 1.9 458,736 2,423 0.5
Ohio ......................... 11,353,140 120,796 1.1 3,215,955 66,514 2.1 8,137,185 54,282 0.7
Oklahoma ...................... 3,450,654 138,053 4.0 1,002,280 61,705 6.2 2,448,374 76,348 3.1
Oregon ....................... 3,421,399 73,277 2.1 944,004 37,014 3.9 2,477,395 36,263 1.5
Pennsylvania .................... 12,281,054 96,287 0.8 3,270,584 53,182 1.6 9,010,470 43,105 0.5
Rhode Island .................... 1,048,319 13,452 1.3 282,616 6,977 2.5 765,703 6,475 0.8
South Carolina ................... 4,012,012 29,319 0.7 1,135,778 14,962 1.3 2,876,234 14,357 0.5
South Dakota ................... 754,844 8,567 1.1 227,481 5,121 2.3 527,363 3,446 0.7
Tennessee ..................... 5,689,283 47,497 0.8 1,561,032 22,704 1.5 4,128,251 24,793 0.6
Texas ........................ 20,851,820 195,317 0.9 6,546,236 93,847 1.4 14,305,584 101,470 0.7
Utah ......................... 2,233,169 27,023 1.2 810,977 17,123 2.1 1,422,192 9,900 0.7
Vermont ....................... 608,827 6,143 1.0 166,257 2,766 1.7 442,570 3,377 0.8
Virginia ....................... 7,078,515 94,035 1.3 1,937,086 49,630 2.6 5,141,429 44,405 0.9
Washington ..................... 5,894,121 154,722 2.6 1,683,019 85,875 5.1 4,211,102 68,847 1.6
West Virginia .................... 1,808,344 13,571 0.8 454,715 6,463 1.4 1,353,629 7,108 0.5
Wisconsin ...................... 5,363,675 47,621 0.9 1,532,093 28,305 1.8 3,831,582 19,316 0.5
Wyoming ...................... 493,782 5,719 1.2 145,346 2,865 2.0 348,436 2,854 0.8