-1 -2 0
-1 -3 0
-1 -4 0
-1 -5 0
-1 -6 0
-1 -7 0
-1 -8 0
-1 -9 0
-1 -10 0
-1 -11 0
-1 -12 0
-1 -13 0
-1 -14 0
-1 -15 0
-1 -16 0
-1 -17 0
-1 -18 0
-1 -19 0
-1 -20 0
-1 -21 0
-1 -22 0
-1 -23 0
-1 -24 0
-1 -25 0
-1 -26 0
-1 -27 0
-1 -28 0
-1 -29 0
-1 -30 0
-1 -31 0
-1 -32 0
-1 -33 0
-1 -34 0
-1 -35 0
-1 -36 0
-1 -37 0
-1 -38 0
-1 -39 0
-1 -40 0
-1 -41 0
-1 -42 0
-1 -43 0
-1 -44 0
-1 -45 0
-1 -46 0
-1 -47 0
-1 -48 0
-1 -49 0
-1 -50 0
-1 -51 0
-2 -3 0
-2 -4 0
-2 -5 0
-2 -6 0
-2 -7 0
-2 -8 0
-2 -9 0
-2 -10 0
-2 -11 0
-2 -12 0
-2 -13 0
-2 -14 0
-2 -15 0
-2 -16 0
-2 -17 0
-2 -18 0
-2 -19 0
-2 -20 0
-2 -21 0
-2 -22 0
-2 -23 0
-2 -24 0
-2 -25 0
-2 -26 0
-2 -27 0
-2 -28 0
-2 -29 0
-2 -30 0
-2 -31 0
-2 -32 0
-2 -33 0
-2 -34 0
-2 -35 0
-2 -36 0
-2 -37 0
-2 -38 0
-2 -39 0
-2 -40 0
-2 -41 0
-2 -42 0
-2 -43 0
-2 -44 0
-2 -45 0
-2 -46 0
-2 -47 0
-2 -48 0
-2 -49 0
-2 -50 0
-2 -51 0
-3 -4 0
-3 -5 0
-3 -6 0
-3 -7 0
-3 -8 0
-3 -9 0
-3 -10 0
-3 -11 0
-3 -12 0
-3 -13 0
-3 -14 0
-3 -15 0
-3 -16 0
-3 -17 0
-3 -18 0
-3 -19 0
-3 -20 0
-3 -21 0
-3 -22 0
-3 -23 0
-3 -24 0
-3 -25 0
-3 -26 0
-3 -27 0
-3 -28 0
-3 -29 0
-3 -30 0
-3 -31 0
-3 -32 0
-3 -33 0
-3 -34 0
-3 -35 0
-3 -36 0
-3 -37 0
-3 -38 0
-3 -39 0
-3 -40 0
-3 -41 0
-3 -42 0
-3 -43 0
-3 -44 0
-3 -45 0
-3 -46 0
-3 -47 0
-3 -48 0
-3 -49 0
-3 -50 0
-3 -51 0
-4 -5 0
-4 -6 0
-4 -7 0
-4 -8 0
-4 -9 0
-4 -10 0
-4 -11 0
-4 -12 0
-4 -13 0
-4 -14 0
-4 -15 0
-4 -16 0
-4 -17 0
-4 -18 0
-4 -19 0
-4 -20 0
-4 -21 0
-4 -22 0
-4 -23 0
-4 -24 0
-4 -25 0
-4 -26 0
-4 -27 0
-4 -28 0
-4 -29 0
-4 -30 0
-4 -31 0
-4 -32 0
-4 -33 0
-4 -34 0
-4 -35 0
-4 -36 0
-4 -37 0
-4 -38 0
-4 -39 0
-4 -40 0
-4 -41 0
-4 -42 0
-4 -43 0
-4 -44 0
-4 -45 0
-4 -46 0
-4 -47 0
-4 -48 0
-4 -49 0
-4 -50 0
-4 -51 0
-5 -6 0
-5 -7 0
-5 -8 0
-5 -9 0
-5 -10 0
-5 -11 0
-5 -12 0
-5 -13 0
-5 -14 0
-5 -15 0
-5 -16 0
-5 -17 0
-5 -18 0
-5 -19 0
-5 -20 0
-5 -21 0
-5 -22 0
-5 -23 0
-5 -24 0
-5 -25 0
-5 -26 0
-5 -27 0
-5 -28 0
-5 -29 0
-5 -30 0
-5 -31 0
-5 -32 0
-5 -33 0
-5 -34 0
-5 -35 0
-5 -36 0
-5 -37 0
-5 -38 0
-5 -39 0
-5 -40 0
-5 -41 0
-5 -42 0
-5 -43 0
-5 -44 0
-5 -45 0
-5 -46 0
-5 -47 0
-5 -48 0
-5 -49 0
-5 -50 0
-5 -51 0
-6 -7 0
-6 -8 0
-6 -9 0
-6 -10 0
-6 -11 0
-6 -12 0
-6 -13 0
-6 -14 0
-6 -15 0
-6 -16 0
-6 -17 0
-6 -18 0
-6 -19 0
-6 -20 0
-6 -21 0
-6 -22 0
-6 -23 0
-6 -24 0
-6 -25 0
-6 -26 0
-6 -27 0
-6 -28 0
-6 -29 0
-6 -30 0
-6 -31 0
-6 -32 0
-6 -33 0
-6 -34 0
-6 -35 0
-6 -36 0
-6 -37 0
-6 -38 0
-6 -39 0
-6 -40 0
-6 -41 0
-6 -42 0
-6 -43 0
-6 -44 0
-6 -45 0
-6 -46 0
-6 -47 0
-6 -48 0
-6 -49 0
-6 -50 0
-6 -51 0
-7 -8 0
-7 -9 0
-7 -10 0
-7 -11 0
-7 -12 0
-7 -13 0
-7 -14 0
-7 -15 0
-7 -16 0
-7 -17 0
-7 -18 0
-7 -19 0
-7 -20 0
-7 -21 0
-7 -22 0
-7 -23 0
-7 -24 0
-7 -25 0
-7 -26 0
-7 -27 0
-7 -28 0
-7 -29 0
-7 -30 0
-7 -31 0
-7 -32 0
-7 -33 0
-7 -34 0
-7 -35 0
-7 -36 0
-7 -37 0
-7 -38 0
-7 -39 0
-7 -40 0
-7 -41 0
-7 -42 0
-7 -43 0
-7 -44 0
-7 -45 0
-7 -46 0
-7 -47 0
-7 -48 0
-7 -49 0
-7 -50 0
-7 -51 0
-8 -9 0
-8 -10 0
-8 -11 0
-8 -12 0
-8 -13 0
-8 -14 0
-8 -15 0
-8 -16 0
-8 -17 0
-8 -18 0
-8 -19 0
-8 -20 0
-8 -21 0
-8 -22 0
-8 -23 0
-8 -24 0
-8 -25 0
-8 -26 0
-8 -27 0
-8 -28 0
-8 -29 0
-8 -30 0
-8 -31 0
-8 -32 0
-8 -33 0
-8 -34 0
-8 -35 0
-8 -36 0
-8 -37 0
-8 -38 0
-8 -39 0
-8 -40 0
-8 -41 0
-8 -42 0
-8 -43 0
-8 -44 0
-8 -45 0
-8 -46 0
-8 -47 0
-8 -48 0
-8 -49 0
-8 -50 0
-8 -51 0
-9 -10 0
-9 -11 0
-9 -12 0
-9 -13 0
-9 -14 0
-9 -15 0
-9 -16 0
-9 -17 0
-9 -18 0
-9 -19 0
-9 -20 0
-9 -21 0
-9 -22 0
-9 -23 0
-9 -24 0
-9 -25 0
-9 -26 0
-9 -27 0
-9 -28 0
-9 -29 0
-9 -30 0
-9 -31 0
-9 -32 0
-9 -33 0
-9 -34 0
-9 -35 0
-9 -36 0
-9 -37 0
-9 -38 0
-9 -39 0
-9 -40 0
-9 -41 0
-9 -42 0
-9 -43 0
-9 -44 0
-9 -45 0
-9 -46 0
-9 -47 0
-9 -48 0
-9 -49 0
-9 -50 0
-9 -51 0
-10 -11 0
-10 -12 0
-10 -13 0
-10 -14 0
-10 -15 0
-10 -16 0
-10 -17 0
-10 -18 0
-10 -19 0
-10 -20 0
-10 -21 0
-10 -22 0
-10 -23 0
-10 -24 0
-10 -25 0
-10 -26 0
-10 -27 0
-10 -28 0
-10 -29 0
-10 -30 0
-10 -31 0
-10 -32 0
-10 -33 0
-10 -34 0
-10 -35 0
-10 -36 0
-10 -37 0
-10 -38 0
-10 -39 0
-10 -40 0
-10 -41 0
-10 -42 0
-10 -43 0
-10 -44 0
-10 -45 0
-10 -46 0
-10 -47 0
-10 -48 0
-10 -49 0
-10 -50 0
-10 -51 0
-11 -12 0
-11 -13 0
-11 -14 0
-11 -15 0
-11 -16 0
-11 -17 0
-11 -18 0
-11 -19 0
-11 -20 0
-11 -21 0
-11 -22 0
-11 -23 0
-11 -24 0
-11 -25 0
-11 -26 0
-11 -27 0
-11 -28 0
-11 -29 0
-11 -30 0
-11 -31 0
-11 -32 0
-11 -33 0
-11 -34 0
-11 -35 0
-11 -36 0
-11 -37 0
-11 -38 0
-11 -39 0
-11 -40 0
-11 -41 0
-11 -42 0
-11 -43 0
-11 -44 0
-11 -45 0
-11 -46 0
-11 -47 0
-11 -48 0
-11 -49 0
-11 -50 0
-11 -51 0
-12 -13 0
-12 -14 0
-12 -15 0
-12 -16 0
-12 -17 0
-12 -18 0
-12 -19 0
-12 -20 0
-12 -21 0
-12 -22 0
-12 -23 0
-12 -24 0
-12 -25 0
-12 -26 0
-12 -27 0
-12 -28 0
-12 -29 0
-12 -30 0
-12 -31 0
-12 -32 0
-12 -33 0
-12 -34 0
-12 -35 0
-12 -36 0
-12 -37 0
-12 -38 0
-12 -39 0
-12 -40 0
-12 -41 0
-12 -42 0
-12 -43 0
-12 -44 0
-12 -45 0
-12 -46 0
-12 -47 0
-12 -48 0
-12 -49 0
-12 -50 0
-12 -51 0
-13 -14 0
-13 -15 0
-13 -16 0
-13 -17 0
-13 -18 0
-13 -19 0
-13 -20 0
-13 -21 0
-13 -22 0
-13 -23 0
-13 -24 0
-13 -25 0
-13 -26 0
-13 -27 0
-13 -28 0
-13 -29 0
-13 -30 0
-13 -31 0
-13 -32 0
-13 -33 0
-13 -34 0
-13 -35 0
-13 -36 0
-13 -37 0
-13 -38 0
-13 -39 0
-13 -40 0
-13 -41 0
-13 -42 0
-13 -43 0
-13 -44 0
-13 -45 0
-13 -46 0
-13 -47 0
-13 -48 0
-13 -49 0
-13 -50 0
-13 -51 0
-14 -15 0
-14 -16 0
-14 -17 0
-14 -18 0
-14 -19 0
-14 -20 0
-14 -21 0
-14 -22 0
-14 -23 0
-14 -24 0
-14 -25 0
-14 -26 0
-14 -27 0
-14 -28 0
-14 -29 0
-14 -30 0
-14 -31 0
-14 -32 0
-14 -33 0
-14 -34 0
-14 -35 0
-14 -36 0
-14 -37 0
-14 -38 0
-14 -39 0
-14 -40 0
-14 -41 0
-14 -42 0
-14 -43 0
-14 -44 0
-14 -45 0
-14 -46 0
-14 -47 0
-14 -48 0
-14 -49 0
-14 -50 0
-14 -51 0
-15 -16 0
-15 -17 0
-15 -18 0
-15 -19 0
-15 -20 0
-15 -21 0
-15 -22 0
-15 -23 0
-15 -24 0
-15 -25 0
-15 -26 0
-15 -27 0
-15 -28 0
-15 -29 0
-15 -30 0
-15 -31 0
-15 -32 0
-15 -33 0
-15 -34 0
-15 -35 0
-15 -36 0
-15 -37 0
-15 -38 0
-15 -39 0
-15 -40 0
-15 -41 0
-15 -42 0
-15 -43 0
-15 -44 0
-15 -45 0
-15 -46 0
-15 -47 0
-15 -48 0
-15 -49 0
-15 -50 0
-15 -51 0
-16 -17 0
-16 -18 0
-16 -19 0
-16 -20 0
-16 -21 0
-16 -22 0
-16 -23 0
-16 -24 0
-16 -25 0
-16 -26 0
-16 -27 0
-16 -28 0
-16 -29 0
-16 -30 0
-16 -31 0
-16 -32 0
-16 -33 0
-16 -34 0
-16 -35 0
-16 -36 0
-16 -37 0
-16 -38 0
-16 -39 0
-16 -40 0
-16 -41 0
-16 -42 0
-16 -43 0
-16 -44 0
-16 -45 0
-16 -46 0
-16 -47 0
-16 -48 0
-16 -49 0
-16 -50 0
-16 -51 0
-17 -18 0
-17 -19 0
-17 -20 0
-17 -21 0
-17 -22 0
-17 -23 0
-17 -24 0
-17 -25 0
-17 -26 0
-17 -27 0
-17 -28 0
-17 -29 0
-17 -30 0
-17 -31 0
-17 -32 0
-17 -33 0
-17 -34 0
-17 -35 0
-17 -36 0
-17 -37 0
-17 -38 0
-17 -39 0
-17 -40 0
-17 -41 0
-17 -42 0
-17 -43 0
-17 -44 0
-17 -45 0
-17 -46 0
-17 -47 0
-17 -48 0
-17 -49 0
-17 -50 0
-17 -51 0
-18 -19 0
-18 -20 0
-18 -21 0
-18 -22 0
-18 -23 0
-18 -24 0
-18 -25 0
-18 -26 0
-18 -27 0
-18 -28 0
-18 -29 0
-18 -30 0
-18 -31 0
-18 -32 0
-18 -33 0
-18 -34 0
-18 -35 0
-18 -36 0
-18 -37 0
-18 -38 0
-18 -39 0
-18 -40 0
-18 -41 0
-18 -42 0
-18 -43 0
-18 -44 0
-18 -45 0
-18 -46 0
-18 -47 0
-18 -48 0
-18 -49 0
-18 -50 0
-18 -51 0
-19 -20 0
-19 -21 0
-19 -22 0
-19 -23 0
-19 -24 0
-19 -25 0
-19 -26 0
-19 -27 0
-19 -28 0
-19 -29 0
-19 -30 0
-19 -31 0
-19 -32 0
-19 -33 0
-19 -34 0
-19 -35 0
-19 -36 0
-19 -37 0
-19 -38 0
-19 -39 0
-19 -40 0
-19 -41 0
-19 -42 0
-19 -43 0
-19 -44 0
-19 -45 0
-19 -46 0
-19 -47 0
-19 -48 0
-19 -49 0
-19 -50 0
-19 -51 0
-20 -21 0
-20 -22 0
-20 -23 0
-20 -24 0
-20 -25 0
-20 -26 0
-20 -27 0
-20 -28 0
-20 -29 0
-20 -30 0
-20 -31 0
-20 -32 0
-20 -33 0
-20 -34 0
-20 -35 0
-20 -36 0
-20 -37 0
-20 -38 0
-20 -39 0
-20 -40 0
-20 -41 0
-20 -42 0
-20 -43 0
-20 -44 0
-20 -45 0
-20 -46 0
-20 -47 0
-20 -48 0
-20 -49 0
-20 -50 0
-20 -51 0
-21 -22 0
-21 -23 0
-21 -24 0
-21 -25 0
-21 -26 0
-21 -27 0
-21 -28 0
-21 -29 0
-21 -30 0
-21 -31 0
-21 -32 0
-21 -33 0
-21 -34 0
-21 -35 0
-21 -36 0
-21 -37 0
-21 -38 0
-21 -39 0
-21 -40 0
-21 -41 0
-21 -42 0
-21 -43 0
-21 -44 0
-21 -45 0
-21 -46 0
-21 -47 0
-21 -48 0
-21 -49 0
-21 -50 0
-21 -51 0
-22 -23 0
-22 -24 0
-22 -25 0
-22 -26 0
-22 -27 0
-22 -28 0
-22 -29 0
-22 -30 0
-22 -31 0
-22 -32 0
-22 -33 0
-22 -34 0
-22 -35 0
-22 -36 0
-22 -37 0
-22 -38 0
-22 -39 0
-22 -40 0
-22 -41 0
-22 -42 0
-22 -43 0
-22 -44 0
-22 -45 0
-22 -46 0
-22 -47 0
-22 -48 0
-22 -49 0
-22 -50 0
-22 -51 0
-23 -24 0
-23 -25 0
-23 -26 0
-23 -27 0
-23 -28 0
-23 -29 0
-23 -30 0
-23 -31 0
-23 -32 0
-23 -33 0
-23 -34 0
-23 -35 0
-23 -36 0
-23 -37 0
-23 -38 0
-23 -39 0
-23 -40 0
-23 -41 0
-23 -42 0
-23 -43 0
-23 -44 0
-23 -45 0
-23 -46 0
-23 -47 0
-23 -48 0
-23 -49 0
-23 -50 0
-23 -51 0
-24 -25 0
-24 -26 0
-24 -27 0
-24 -28 0
-24 -29 0
-24 -30 0
-24 -31 0
-24 -32 0
-24 -33 0
-24 -34 0
-24 -35 0
-24 -36 0
-24 -37 0
-24 -38 0
-24 -39 0
-24 -40 0
-24 -41 0
-24 -42 0
-24 -43 0
-24 -44 0
-24 -45 0
-24 -46 0
-24 -47 0
-24 -48 0
-24 -49 0
-24 -50 0
-24 -51 0
-25 -26 0
-25 -27 0
-25 -28 0
-25 -29 0
-25 -30 0
-25 -31 0
-25 -32 0
-25 -33 0
-25 -34 0
-25 -35 0
-25 -36 0
-25 -37 0
-25 -38 0
-25 -39 0
-25 -40 0
-25 -41 0
-25 -42 0
-25 -43 0
-25 -44 0
-25 -45 0
-25 -46 0
-25 -47 0
-25 -48 0
-25 -49 0
-25 -50 0
-25 -51 0
-26 -27 0
-26 -28 0
-26 -29 0
-26 -30 0
-26 -31 0
-26 -32 0
-26 -33 0
-26 -34 0
-26 -35 0
-26 -36 0
-26 -37 0
-26 -38 0
-26 -39 0
-26 -40 0
-26 -41 0
-26 -42 0
-26 -43 0
-26 -44 0
-26 -45 0
-26 -46 0
-26 -47 0
-26 -48 0
-26 -49 0
-26 -50 0
-26 -51 0
-27 -28 0
-27 -29 0
-27 -30 0
-27 -31 0
-27 -32 0
-27 -33 0
-27 -34 0
-27 -35 0
-27 -36 0
-27 -37 0
-27 -38 0
-27 -39 0
-27 -40 0
-27 -41 0
-27 -42 0
-27 -43 0
-27 -44 0
-27 -45 0
-27 -46 0
-27 -47 0
-27 -48 0
-27 -49 0
-27 -50 0
-27 -51 0
-28 -29 0
-28 -30 0
-28 -31 0
-28 -32 0
-28 -33 0
-28 -34 0
-28 -35 0
-28 -36 0
-28 -37 0
-28 -38 0
-28 -39 0
-28 -40 0
-28 -41 0
-28 -42 0
-28 -43 0
-28 -44 0
-28 -45 0
-28 -46 0
-28 -47 0
-28 -48 0
-28 -49 0
-28 -50 0
-28 -51 0
-29 -30 0
-29 -31 0
-29 -32 0
-29 -33 0
-29 -34 0
-29 -35 0
-29 -36 0
-29 -37 0
-29 -38 0
-29 -39 0
-29 -40 0
-29 -41 0
-29 -42 0
-29 -43 0
-29 -44 0
-29 -45 0
-29 -46 0
-29 -47 0
-29 -48 0
-29 -49 0
-29 -50 0
-29 -51 0
-30 -31 0
-30 -32 0
-30 -33 0
-30 -34 0
-30 -35 0
-30 -36 0
-30 -37 0
-30 -38 0
-30 -39 0
-30 -40 0
-30 -41 0
-30 -42 0
-30 -43 0
-30 -44 0
-30 -45 0
-30 -46 0
-30 -47 0
-30 -48 0
-30 -49 0
-30 -50 0
-30 -51 0
-31 -32 0
-31 -33 0
-31 -34 0
-31 -35 0
-31 -36 0
-31 -37 0
-31 -38 0
-31 -39 0
-31 -40 0
-31 -41 0
-31 -42 0
-31 -43 0
-31 -44 0
-31 -45 0
-31 -46 0
-31 -47 0
-31 -48 0
-31 -49 0
-31 -50 0
-31 -51 0
-32 -33 0
-32 -34 0
-32 -35 0
-32 -36 0
-32 -37 0
-32 -38 0
-32 -39 0
-32 -40 0
-32 -41 0
-32 -42 0
-32 -43 0
-32 -44 0
-32 -45 0
-32 -46 0
-32 -47 0
-32 -48 0
-32 -49 0
-32 -50 0
-32 -51 0
-33 -34 0
-33 -35 0
-33 -36 0
-33 -37 0
-33 -38 0
-33 -39 0
-33 -40 0
-33 -41 0
-33 -42 0
-33 -43 0
-33 -44 0
-33 -45 0
-33 -46 0
-33 -47 0
-33 -48 0
-33 -49 0
-33 -50 0
-33 -51 0
-34 -35 0
-34 -36 0
-34 -37 0
-34 -38 0
-34 -39 0
-34 -40 0
-34 -41 0
-34 -42 0
-34 -43 0
-34 -44 0
-34 -45 0
-34 -46 0
-34 -47 0
-34 -48 0
-34 -49 0
-34 -50 0
-34 -51 0
-35 -36 0
-35 -37 0
-35 -38 0
-35 -39 0
-35 -40 0
-35 -41 0
-35 -42 0
-35 -43 0
-35 -44 0
-35 -45 0
-35 -46 0
-35 -47 0
-35 -48 0
-35 -49 0
-35 -50 0
-35 -51 0
-36 -37 0
-36 -38 0
-36 -39 0
-36 -40 0
-36 -41 0
-36 -42 0
-36 -43 0
-36 -44 0
-36 -45 0
-36 -46 0
-36 -47 0
-36 -48 0
-36 -49 0
-36 -50 0
-36 -51 0
-37 -38 0
-37 -39 0
-37 -40 0
-37 -41 0
-37 -42 0
-37 -43 0
-37 -44 0
-37 -45 0
-37 -46 0
-37 -47 0
-37 -48 0
-37 -49 0
-37 -50 0
-37 -51 0
-38 -39 0
-38 -40 0
-38 -41 0
-38 -42 0
-38 -43 0
-38 -44 0
-38 -45 0
-38 -46 0
-38 -47 0
-38 -48 0
-38 -49 0
-38 -50 0
-38 -51 0
-39 -40 0
-39 -41 0
-39 -42 0
-39 -43 0
-39 -44 0
-39 -45 0
-39 -46 0
-39 -47 0
-39 -48 0
-39 -49 0
-39 -50 0
-39 -51 0
-40 -41 0
-40 -42 0
-40 -43 0
-40 -44 0
-40 -45 0
-40 -46 0
-40 -47 0
-40 -48 0
-40 -49 0
-40 -50 0
-40 -51 0
-41 -42 0
-41 -43 0
-41 -44 0
-41 -45 0
-41 -46 0
-41 -47 0
-41 -48 0
-41 -49 0
-41 -50 0
-41 -51 0
-42 -43 0
-42 -44 0
-42 -45 0
-42 -46 0
-42 -47 0
-42 -48 0
-42 -49 0
-42 -50 0
-42 -51 0
-43 -44 0
-43 -45 0
-43 -46 0
-43 -47 0
-43 -48 0
-43 -49 0
-43 -50 0
-43 -51 0
-44 -45 0
-44 -46 0
-44 -47 0
-44 -48 0
-44 -49 0
-44 -50 0
-44 -51 0
-45 -46 0
-45 -47 0
-45 -48 0
-45 -49 0
-45 -50 0
-45 -51 0
-46 -47 0
-46 -48 0
-46 -49 0
-46 -50 0
-46 -51 0
-47 -48 0
-47 -49 0
-47 -50 0
-47 -51 0
-48 -49 0
-48 -50 0
-48 -51 0
-49 -50 0
-49 -51 0
-50 -51 0
-52 -53 0
-54 -55 0
-54 -56 0
-54 -57 0
-54 -58 0
-54 -59 0
-55 -56 0
-55 -57 0
-55 -58 0
-55 -59 0
-56 -57 0
-56 -58 0
-56 -59 0
-57 -58 0
-57 -59 0
-58 -59 0
-60 -61 0
-60 -62 0
-60 -63 0
-60 -64 0
-60 -65 0
-60 -66 0
-60 -67 0
-60 -68 0
-60 -69 0
-60 -70 0
-60 -71 0
-60 -72 0
-60 -73 0
-60 -74 0
-60 -75 0
-60 -76 0
-60 -77 0
-60 -78 0
-60 -79 0
-60 -80 0
-60 -81 0
-60 -82 0
-60 -83 0
-60 -84 0
-60 -85 0
-60 -86 0
-60 -87 0
-60 -88 0
-60 -89 0
-60 -90 0
-60 -91 0
-60 -92 0
-60 -93 0
-60 -94 0
-60 -95 0
-60 -96 0
-60 -97 0
-60 -98 0
-60 -99 0
-60 -100 0
-60 -101 0
-60 -102 0
-60 -103 0
-60 -104 0
-60 -105 0
-60 -106 0
-60 -107 0
-60 -108 0
-60 -109 0
-60 -110 0
-60 -111 0
-60 -112 0
-60 -113 0
-60 -114 0
-60 -115 0
-60 -116 0
-60 -117 0
-60 -118 0
-60 -119 0
-60 -120 0
-60 -121 0
-60 -122 0
-60 -123 0
-60 -124 0
-60 -125 0
-60 -126 0
-60 -127 0
-60 -128 0
-60 -129 0
-60 -130 0
-60 -131 0
-60 -132 0
-60 -133 0
-60 -134 0
-60 -135 0
-60 -136 0
-60 -137 0
-60 -138 0
-60 -139 0
-60 -140 0
-60 -141 0
-60 -142 0
-60 -143 0
-60 -144 0
-60 -145 0
-61 -62 0
-61 -63 0
-61 -64 0
-61 -65 0
-61 -66 0
-61 -67 0
-61 -68 0
-61 -69 0
-61 -70 0
-61 -71 0
-61 -72 0
-61 -73 0
-61 -74 0
-61 -75 0
-61 -76 0
-61 -77 0
-61 -78 0
-61 -79 0
-61 -80 0
-61 -81 0
-61 -82 0
-61 -83 0
-61 -84 0
-61 -85 0
-61 -86 0
-61 -87 0
-61 -88 0
-61 -89 0
-61 -90 0
-61 -91 0
-61 -92 0
-61 -93 0
-61 -94 0
-61 -95 0
-61 -96 0
-61 -97 0
-61 -98 0
-61 -99 0
-61 -100 0
-61 -101 0
-61 -102 0
-61 -103 0
-61 -104 0
-61 -105 0
-61 -106 0
-61 -107 0
-61 -108 0
-61 -109 0
-61 -110 0
-61 -111 0
-61 -112 0
-61 -113 0
-61 -114 0
-61 -115 0
-61 -116 0
-61 -117 0
-61 -118 0
-61 -119 0
-61 -120 0
-61 -121 0
-61 -122 0
-61 -123 0
-61 -124 0
-61 -125 0
-61 -126 0
-61 -127 0
-61 -128 0
-61 -129 0
-61 -130 0
-61 -131 0
-61 -132 0
-61 -133 0
-61 -134 0
-61 -135 0
-61 -136 0
-61 -137 0
-61 -138 0
-61 -139 0
-61 -140 0
-61 -141 0
-61 -142 0
-61 -143 0
-61 -144 0
-61 -145 0
-62 -63 0
-62 -64 0
-62 -65 0
-62 -66 0
-62 -67 0
-62 -68 0
-62 -69 0
-62 -70 0
-62 -71 0
-62 -72 0
-62 -73 0
-62 -74 0
-62 -75 0
-62 -76 0
-62 -77 0
-62 -78 0
-62 -79 0
-62 -80 0
-62 -81 0
-62 -82 0
-62 -83 0
-62 -84 0
-62 -85 0
-62 -86 0
-62 -87 0
-62 -88 0
-62 -89 0
-62 -90 0
-62 -91 0
-62 -92 0
-62 -93 0
-62 -94 0
-62 -95 0
-62 -96 0
-62 -97 0
-62 -98 0
-62 -99 0
-62 -100 0
-62 -101 0
-62 -102 0
-62 -103 0
-62 -104 0
-62 -105 0
-62 -106 0
-62 -107 0
-62 -108 0
-62 -109 0
-62 -110 0
-62 -111 0
-62 -112 0
-62 -113 0
-62 -114 0
-62 -115 0
-62 -116 0
-62 -117 0
-62 -118 0
-62 -119 0
-62 -120 0
-62 -121 0
-62 -122 0
-62 -123 0
-62 -124 0
-62 -125 0
-62 -126 0
-62 -127 0
-62 -128 0
-62 -129 0
-62 -130 0
-62 -131 0
-62 -132 0
-62 -133 0
-62 -134 0
-62 -135 0
-62 -136 0
-62 -137 0
-62 -138 0
-62 -139 0
-62 -140 0
-62 -141 0
-62 -142 0
-62 -143 0
-62 -144 0
-62 -145 0
-63 -64 0
-63 -65 0
-63 -66 0
-63 -67 0
-63 -68 0
-63 -69 0
-63 -70 0
-63 -71 0
-63 -72 0
-63 -73 0
-63 -74 0
-63 -75 0
-63 -76 0
-63 -77 0
-63 -78 0
-63 -79 0
-63 -80 0
-63 -81 0
-63 -82 0
-63 -83 0
-63 -84 0
-63 -85 0
-63 -86 0
-63 -87 0
-63 -88 0
-63 -89 0
-63 -90 0
-63 -91 0
-63 -92 0
-63 -93 0
-63 -94 0
-63 -95 0
-63 -96 0
-63 -97 0
-63 -98 0
-63 -99 0
-63 -100 0
-63 -101 0
-63 -102 0
-63 -103 0
-63 -104 0
-63 -105 0
-63 -106 0
-63 -107 0
-63 -108 0
-63 -109 0
-63 -110 0
-63 -111 0
-63 -112 0
-63 -113 0
-63 -114 0
-63 -115 0
-63 -116 0
-63 -117 0
-63 -118 0
-63 -119 0
-63 -120 0
-63 -121 0
-63 -122 0
-63 -123 0
-63 -124 0
-63 -125 0
-63 -126 0
-63 -127 0
-63 -128 0
-63 -129 0
-63 -130 0
-63 -131 0
-63 -132 0
-63 -133 0
-63 -134 0
-63 -135 0
-63 -136 0
-63 -137 0
-63 -138 0
-63 -139 0
-63 -140 0
-63 -141 0
-63 -142 0
-63 -143 0
-63 -144 0
-63 -145 0
-64 -65 0
-64 -66 0
-64 -67 0
-64 -68 0
-64 -69 0
-64 -70 0
-64 -71 0
-64 -72 0
-64 -73 0
-64 -74 0
-64 -75 0
-64 -76 0
-64 -77 0
-64 -78 0
-64 -79 0
-64 -80 0
-64 -81 0
-64 -82 0
-64 -83 0
-64 -84 0
-64 -85 0
-64 -86 0
-64 -87 0
-64 -88 0
-64 -89 0
-64 -90 0
-64 -91 0
-64 -92 0
-64 -93 0
-64 -94 0
-64 -95 0
-64 -96 0
-64 -97 0
-64 -98 0
-64 -99 0
-64 -100 0
-64 -101 0
-64 -102 0
-64 -103 0
-64 -104 0
-64 -105 0
-64 -106 0
-64 -107 0
-64 -108 0
-64 -109 0
-64 -110 0
-64 -111 0
-64 -112 0
-64 -113 0
-64 -114 0
-64 -115 0
-64 -116 0
-64 -117 0
-64 -118 0
-64 -119 0
-64 -120 0
-64 -121 0
-64 -122 0
-64 -123 0
-64 -124 0
-64 -125 0
-64 -126 0
-64 -127 0
-64 -128 0
-64 -129 0
-64 -130 0
-64 -131 0
-64 -132 0
-64 -133 0
-64 -134 0
-64 -135 0
-64 -136 0
-64 -137 0
-64 -138 0
-64 -139 0
-64 -140 0
-64 -141 0
-64 -142 0
-64 -143 0
-64 -144 0
-64 -145 0
-65 -66 0
-65 -67 0
-65 -68 0
-65 -69 0
-65 -70 0
-65 -71 0
-65 -72 0
-65 -73 0
-65 -74 0
-65 -75 0
-65 -76 0
-65 -77 0
-65 -78 0
-65 -79 0
-65 -80 0
-65 -81 0
-65 -82 0
-65 -83 0
-65 -84 0
-65 -85 0
-65 -86 0
-65 -87 0
-65 -88 0
-65 -89 0
-65 -90 0
-65 -91 0
-65 -92 0
-65 -93 0
-65 -94 0
-65 -95 0
-65 -96 0
-65 -97 0
-65 -98 0
-65 -99 0
-65 -100 0
-65 -101 0
-65 -102 0
-65 -103 0
-65 -104 0
-65 -105 0
-65 -106 0
-65 -107 0
-65 -108 0
-65 -109 0
-65 -110 0
-65 -111 0
-65 -112 0
-65 -113 0
-65 -114 0
-65 -115 0
-65 -116 0
-65 -117 0
-65 -118 0
-65 -119 0
-65 -120 0
-65 -121 0
-65 -122 0
-65 -123 0
-65 -124 0
-65 -125 0
-65 -126 0
-65 -127 0
-65 -128 0
-65 -129 0
-65 -130 0
-65 -131 0
-65 -132 0
-65 -133 0
-65 -134 0
-65 -135 0
-65 -136 0
-65 -137 0
-65 -138 0
-65 -139 0
-65 -140 0
-65 -141 0
-65 -142 0
-65 -143 0
-65 -144 0
-65 -145 0
-66 -67 0
-66 -68 0
-66 -69 0
-66 -70 0
-66 -71 0
-66 -72 0
-66 -73 0
-66 -74 0
-66 -75 0
-66 -76 0
-66 -77 0
-66 -78 0
-66 -79 0
-66 -80 0
-66 -81 0
-66 -82 0
-66 -83 0
-66 -84 0
-66 -85 0
-66 -86 0
-66 -87 0
-66 -88 0
-66 -89 0
-66 -90 0
-66 -91 0
-66 -92 0
-66 -93 0
-66 -94 0
-66 -95 0
-66 -96 0
-66 -97 0
-66 -98 0
-66 -99 0
-66 -100 0
-66 -101 0
-66 -102 0
-66 -103 0
-66 -104 0
-66 -105 0
-66 -106 0
-66 -107 0
-66 -108 0
-66 -109 0
-66 -110 0
-66 -111 0
-66 -112 0
-66 -113 0
-66 -114 0
-66 -115 0
-66 -116 0
-66 -117 0
-66 -118 0
-66 -119 0
-66 -120 0
-66 -121 0
-66 -122 0
-66 -123 0
-66 -124 0
-66 -125 0
-66 -126 0
-66 -127 0
-66 -128 0
-66 -129 0
-66 -130 0
-66 -131 0
-66 -132 0
-66 -133 0
-66 -134 0
-66 -135 0
-66 -136 0
-66 -137 0
-66 -138 0
-66 -139 0
-66 -140 0
-66 -141 0
-66 -142 0
-66 -143 0
-66 -144 0
-66 -145 0
-67 -68 0
-67 -69 0
-67 -70 0
-67 -71 0
-67 -72 0
-67 -73 0
-67 -74 0
-67 -75 0
-67 -76 0
-67 -77 0
-67 -78 0
-67 -79 0
-67 -80 0
-67 -81 0
-67 -82 0
-67 -83 0
-67 -84 0
-67 -85 0
-67 -86 0
-67 -87 0
-67 -88 0
-67 -89 0
-67 -90 0
-67 -91 0
-67 -92 0
-67 -93 0
-67 -94 0
-67 -95 0
-67 -96 0
-67 -97 0
-67 -98 0
-67 -99 0
-67 -100 0
-67 -101 0
-67 -102 0
-67 -103 0
-67 -104 0
-67 -105 0
-67 -106 0
-67 -107 0
-67 -108 0
-67 -109 0
-67 -110 0
-67 -111 0
-67 -112 0
-67 -113 0
-67 -114 0
-67 -115 0
-67 -116 0
-67 -117 0
-67 -118 0
-67 -119 0
-67 -120 0
-67 -121 0
-67 -122 0
-67 -123 0
-67 -124 0
-67 -125 0
-67 -126 0
-67 -127 0
-67 -128 0
-67 -129 0
-67 -130 0
-67 -131 0
-67 -132 0
-67 -133 0
-67 -134 0
-67 -135 0
-67 -136 0
-67 -137 0
-67 -138 0
-67 -139 0
-67 -140 0
-67 -141 0
-67 -142 0
-67 -143 0
-67 -144 0
-67 -145 0
-68 -69 0
-68 -70 0
-68 -71 0
-68 -72 0
-68 -73 0
-68 -74 0
-68 -75 0
-68 -76 0
-68 -77 0
-68 -78 0
-68 -79 0
-68 -80 0
-68 -81 0
-68 -82 0
-68 -83 0
-68 -84 0
-68 -85 0
-68 -86 0
-68 -87 0
-68 -88 0
-68 -89 0
-68 -90 0
-68 -91 0
-68 -92 0
-68 -93 0
-68 -94 0
-68 -95 0
-68 -96 0
-68 -97 0
-68 -98 0
-68 -99 0
-68 -100 0
-68 -101 0
-68 -102 0
-68 -103 0
-68 -104 0
-68 -105 0
-68 -106 0
-68 -107 0
-68 -108 0
-68 -109 0
-68 -110 0
-68 -111 0
-68 -112 0
-68 -113 0
-68 -114 0
-68 -115 0
-68 -116 0
-68 -117 0
-68 -118 0
-68 -119 0
-68 -120 0
-68 -121 0
-68 -122 0
-68 -123 0
-68 -124 0
-68 -125 0
-68 -126 0
-68 -127 0
-68 -128 0
-68 -129 0
-68 -130 0
-68 -131 0
-68 -132 0
-68 -133 0
-68 -134 0
-68 -135 0
-68 -136 0
-68 -137 0
-68 -138 0
-68 -139 0
-68 -140 0
-68 -141 0
-68 -142 0
-68 -143 0
-68 -144 0
-68 -145 0
-69 -70 0
-69 -71 0
-69 -72 0
-69 -73 0
-69 -74 0
-69 -75 0
-69 -76 0
-69 -77 0
-69 -78 0
-69 -79 0
-69 -80 0
-69 -81 0
-69 -82 0
-69 -83 0
-69 -84 0
-69 -85 0
-69 -86 0
-69 -87 0
-69 -88 0
-69 -89 0
-69 -90 0
-69 -91 0
-69 -92 0
-69 -93 0
-69 -94 0
-69 -95 0
-69 -96 0
-69 -97 0
-69 -98 0
-69 -99 0
-69 -100 0
-69 -101 0
-69 -102 0
-69 -103 0
-69 -104 0
-69 -105 0
-69 -106 0
-69 -107 0
-69 -108 0
-69 -109 0
-69 -110 0
-69 -111 0
-69 -112 0
-69 -113 0
-69 -114 0
-69 -115 0
-69 -116 0
-69 -117 0
-69 -118 0
-69 -119 0
-69 -120 0
-69 -121 0
-69 -122 0
-69 -123 0
-69 -124 0
-69 -125 0
-69 -126 0
-69 -127 0
-69 -128 0
-69 -129 0
-69 -130 0
-69 -131 0
-69 -132 0
-69 -133 0
-69 -134 0
-69 -135 0
-69 -136 0
-69 -137 0
-69 -138 0
-69 -139 0
-69 -140 0
-69 -141 0
-69 -142 0
-69 -143 0
-69 -144 0
-69 -145 0
-70 -71 0
-70 -72 0
-70 -73 0
-70 -74 0
-70 -75 0
-70 -76 0
-70 -77 0
-70 -78 0
-70 -79 0
-70 -80 0
-70 -81 0
-70 -82 0
-70 -83 0
-70 -84 0
-70 -85 0
-70 -86 0
-70 -87 0
-70 -88 0
-70 -89 0
-70 -90 0
-70 -91 0
-70 -92 0
-70 -93 0
-70 -94 0
-70 -95 0
-70 -96 0
-70 -97 0
-70 -98 0
-70 -99 0
-70 -100 0
-70 -101 0
-70 -102 0
-70 -103 0
-70 -104 0
-70 -105 0
-70 -106 0
-70 -107 0
-70 -108 0
-70 -109 0
-70 -110 0
-70 -111 0
-70 -112 0
-70 -113 0
-70 -114 0
-70 -115 0
-70 -116 0
-70 -117 0
-70 -118 0
-70 -119 0
-70 -120 0
-70 -121 0
-70 -122 0
-70 -123 0
-70 -124 0
-70 -125 0
-70 -126 0
-70 -127 0
-70 -128 0
-70 -129 0
-70 -130 0
-70 -131 0
-70 -132 0
-70 -133 0
-70 -134 0
-70 -135 0
-70 -136 0
-70 -137 0
-70 -138 0
-70 -139 0
-70 -140 0
-70 -141 0
-70 -142 0
-70 -143 0
-70 -144 0
-70 -145 0
-71 -72 0
-71 -73 0
-71 -74 0
-71 -75 0
-71 -76 0
-71 -77 0
-71 -78 0
-71 -79 0
-71 -80 0
-71 -81 0
-71 -82 0
-71 -83 0
-71 -84 0
-71 -85 0
-71 -86 0
-71 -87 0
-71 -88 0
-71 -89 0
-71 -90 0
-71 -91 0
-71 -92 0
-71 -93 0
-71 -94 0
-71 -95 0
-71 -96 0
-71 -97 0
-71 -98 0
-71 -99 0
-71 -100 0
-71 -101 0
-71 -102 0
-71 -103 0
-71 -104 0
-71 -105 0
-71 -106 0
-71 -107 0
-71 -108 0
-71 -109 0
-71 -110 0
-71 -111 0
-71 -112 0
-71 -113 0
-71 -114 0
-71 -115 0
-71 -116 0
-71 -117 0
-71 -118 0
-71 -119 0
-71 -120 0
-71 -121 0
-71 -122 0
-71 -123 0
-71 -124 0
-71 -125 0
-71 -126 0
-71 -127 0
-71 -128 0
-71 -129 0
-71 -130 0
-71 -131 0
-71 -132 0
-71 -133 0
-71 -134 0
-71 -135 0
-71 -136 0
-71 -137 0
-71 -138 0
-71 -139 0
-71 -140 0
-71 -141 0
-71 -142 0
-71 -143 0
-71 -144 0
-71 -145 0
-72 -73 0
-72 -74 0
-72 -75 0
-72 -76 0
-72 -77 0
-72 -78 0
-72 -79 0
-72 -80 0
-72 -81 0
-72 -82 0
-72 -83 0
-72 -84 0
-72 -85 0
-72 -86 0
-72 -87 0
-72 -88 0
-72 -89 0
-72 -90 0
-72 -91 0
-72 -92 0
-72 -93 0
-72 -94 0
-72 -95 0
-72 -96 0
-72 -97 0
-72 -98 0
-72 -99 0
-72 -100 0
-72 -101 0
-72 -102 0
-72 -103 0
-72 -104 0
-72 -105 0
-72 -106 0
-72 -107 0
-72 -108 0
-72 -109 0
-72 -110 0
-72 -111 0
-72 -112 0
-72 -113 0
-72 -114 0
-72 -115 0
-72 -116 0
-72 -117 0
-72 -118 0
-72 -119 0
-72 -120 0
-72 -121 0
-72 -122 0
-72 -123 0
-72 -124 0
-72 -125 0
-72 -126 0
-72 -127 0
-72 -128 0
-72 -129 0
-72 -130 0
-72 -131 0
-72 -132 0
-72 -133 0
-72 -134 0
-72 -135 0
-72 -136 0
-72 -137 0
-72 -138 0
-72 -139 0
-72 -140 0
-72 -141 0
-72 -142 0
-72 -143 0
-72 -144 0
-72 -145 0
-73 -74 0
-73 -75 0
-73 -76 0
-73 -77 0
-73 -78 0
-73 -79 0
-73 -80 0
-73 -81 0
-73 -82 0
-73 -83 0
-73 -84 0
-73 -85 0
-73 -86 0
-73 -87 0
-73 -88 0
-73 -89 0
-73 -90 0
-73 -91 0
-73 -92 0
-73 -93 0
-73 -94 0
-73 -95 0
-73 -96 0
-73 -97 0
-73 -98 0
-73 -99 0
-73 -100 0
-73 -101 0
-73 -102 0
-73 -103 0
-73 -104 0
-73 -105 0
-73 -106 0
-73 -107 0
-73 -108 0
-73 -109 0
-73 -110 0
-73 -111 0
-73 -112 0
-73 -113 0
-73 -114 0
-73 -115 0
-73 -116 0
-73 -117 0
-73 -118 0
-73 -119 0
-73 -120 0
-73 -121 0
-73 -122 0
-73 -123 0
-73 -124 0
-73 -125 0
-73 -126 0
-73 -127 0
-73 -128 0
-73 -129 0
-73 -130 0
-73 -131 0
-73 -132 0
-73 -133 0
-73 -134 0
-73 -135 0
-73 -136 0
-73 -137 0
-73 -138 0
-73 -139 0
-73 -140 0
-73 -141 0
-73 -142 0
-73 -143 0
-73 -144 0
-73 -145 0
-74 -75 0
-74 -76 0
-74 -77 0
-74 -78 0
-74 -79 0
-74 -80 0
-74 -81 0
-74 -82 0
-74 -83 0
-74 -84 0
-74 -85 0
-74 -86 0
-74 -87 0
-74 -88 0
-74 -89 0
-74 -90 0
-74 -91 0
-74 -92 0
-74 -93 0
-74 -94 0
-74 -95 0
-74 -96 0
-74 -97 0
-74 -98 0
-74 -99 0
-74 -100 0
-74 -101 0
-74 -102 0
-74 -103 0
-74 -104 0
-74 -105 0
-74 -106 0
-74 -107 0
-74 -108 0
-74 -109 0
-74 -110 0
-74 -111 0
-74 -112 0
-74 -113 0
-74 -114 0
-74 -115 0
-74 -116 0
-74 -117 0
-74 -118 0
-74 -119 0
-74 -120 0
-74 -121 0
-74 -122 0
-74 -123 0
-74 -124 0
-74 -125 0
-74 -126 0
-74 -127 0
-74 -128 0
-74 -129 0
-74 -130 0
-74 -131 0
-74 -132 0
-74 -133 0
-74 -134 0
-74 -135 0
-74 -136 0
-74 -137 0
-74 -138 0
-74 -139 0
-74 -140 0
-74 -141 0
-74 -142 0
-74 -143 0
-74 -144 0
-74 -145 0
-75 -76 0
-75 -77 0
-75 -78 0
-75 -79 0
-75 -80 0
-75 -81 0
-75 -82 0
-75 -83 0
-75 -84 0
-75 -85 0
-75 -86 0
-75 -87 0
-75 -88 0
-75 -89 0
-75 -90 0
-75 -91 0
-75 -92 0
-75 -93 0
-75 -94 0
-75 -95 0
-75 -96 0
-75 -97 0
-75 -98 0
-75 -99 0
-75 -100 0
-75 -101 0
-75 -102 0
-75 -103 0
-75 -104 0
-75 -105 0
-75 -106 0
-75 -107 0
-75 -108 0
-75 -109 0
-75 -110 0
-75 -111 0
-75 -112 0
-75 -113 0
-75 -114 0
-75 -115 0
-75 -116 0
-75 -117 0
-75 -118 0
-75 -119 0
-75 -120 0
-75 -121 0
-75 -122 0
-75 -123 0
-75 -124 0
-75 -125 0
-75 -126 0
-75 -127 0
-75 -128 0
-75 -129 0
-75 -130 0
-75 -131 0
-75 -132 0
-75 -133 0
-75 -134 0
-75 -135 0
-75 -136 0
-75 -137 0
-75 -138 0
-75 -139 0
-75 -140 0
-75 -141 0
-75 -142 0
-75 -143 0
-75 -144 0
-75 -145 0
-76 -77 0
-76 -78 0
-76 -79 0
-76 -80 0
-76 -81 0
-76 -82 0
-76 -83 0
-76 -84 0
-76 -85 0
-76 -86 0
-76 -87 0
-76 -88 0
-76 -89 0
-76 -90 0
-76 -91 0
-76 -92 0
-76 -93 0
-76 -94 0
-76 -95 0
-76 -96 0
-76 -97 0
-76 -98 0
-76 -99 0
-76 -100 0
-76 -101 0
-76 -102 0
-76 -103 0
-76 -104 0
-76 -105 0
-76 -106 0
-76 -107 0
-76 -108 0
-76 -109 0
-76 -110 0
-76 -111 0
-76 -112 0
-76 -113 0
-76 -114 0
-76 -115 0
-76 -116 0
-76 -117 0
-76 -118 0
-76 -119 0
-76 -120 0
-76 -121 0
-76 -122 0
-76 -123 0
-76 -124 0
-76 -125 0
-76 -126 0
-76 -127 0
-76 -128 0
-76 -129 0
-76 -130 0
-76 -131 0
-76 -132 0
-76 -133 0
-76 -134 0
-76 -135 0
-76 -136 0
-76 -137 0
-76 -138 0
-76 -139 0
-76 -140 0
-76 -141 0
-76 -142 0
-76 -143 0
-76 -144 0
-76 -145 0
-77 -78 0
-77 -79 0
-77 -80 0
-77 -81 0
-77 -82 0
-77 -83 0
-77 -84 0
-77 -85 0
-77 -86 0
-77 -87 0
-77 -88 0
-77 -89 0
-77 -90 0
-77 -91 0
-77 -92 0
-77 -93 0
-77 -94 0
-77 -95 0
-77 -96 0
-77 -97 0
-77 -98 0
-77 -99 0
-77 -100 0
-77 -101 0
-77 -102 0
-77 -103 0
-77 -104 0
-77 -105 0
-77 -106 0
-77 -107 0
-77 -108 0
-77 -109 0
-77 -110 0
-77 -111 0
-77 -112 0
-77 -113 0
-77 -114 0
-77 -115 0
-77 -116 0
-77 -117 0
-77 -118 0
-77 -119 0
-77 -120 0
-77 -121 0
-77 -122 0
-77 -123 0
-77 -124 0
-77 -125 0
-77 -126 0
-77 -127 0
-77 -128 0
-77 -129 0
-77 -130 0
-77 -131 0
-77 -132 0
-77 -133 0
-77 -134 0
-77 -135 0
-77 -136 0
-77 -137 0
-77 -138 0
-77 -139 0
-77 -140 0
-77 -141 0
-77 -142 0
-77 -143 0
-77 -144 0
-77 -145 0
-78 -79 0
-78 -80 0
-78 -81 0
-78 -82 0
-78 -83 0
-78 -84 0
-78 -85 0
-78 -86 0
-78 -87 0
-78 -88 0
-78 -89 0
-78 -90 0
-78 -91 0
-78 -92 0
-78 -93 0
-78 -94 0
-78 -95 0
-78 -96 0
-78 -97 0
-78 -98 0
-78 -99 0
-78 -100 0
-78 -101 0
-78 -102 0
-78 -103 0
-78 -104 0
-78 -105 0
-78 -106 0
-78 -107 0
-78 -108 0
-78 -109 0
-78 -110 0
-78 -111 0
-78 -112 0
-78 -113 0
-78 -114 0
-78 -115 0
-78 -116 0
-78 -117 0
-78 -118 0
-78 -119 0
-78 -120 0
-78 -121 0
-78 -122 0
-78 -123 0
-78 -124 0
-78 -125 0
-78 -126 0
-78 -127 0
-78 -128 0
-78 -129 0
-78 -130 0
-78 -131 0
-78 -132 0
-78 -133 0
-78 -134 0
-78 -135 0
-78 -136 0
-78 -137 0
-78 -138 0
-78 -139 0
-78 -140 0
-78 -141 0
-78 -142 0
-78 -143 0
-78 -144 0
-78 -145 0
-79 -80 0
-79 -81 0
-79 -82 0
-79 -83 0
-79 -84 0
-79 -85 0
-79 -86 0
-79 -87 0
-79 -88 0
-79 -89 0
-79 -90 0
-79 -91 0
-79 -92 0
-79 -93 0
-79 -94 0
-79 -95 0
-79 -96 0
-79 -97 0
-79 -98 0
-79 -99 0
-79 -100 0
-79 -101 0
-79 -102 0
-79 -103 0
-79 -104 0
-79 -105 0
-79 -106 0
-79 -107 0
-79 -108 0
-79 -109 0
-79 -110 0
-79 -111 0
-79 -112 0
-79 -113 0
-79 -114 0
-79 -115 0
-79 -116 0
-79 -117 0
-79 -118 0
-79 -119 0
-79 -120 0
-79 -121 0
-79 -122 0
-79 -123 0
-79 -124 0
-79 -125 0
-79 -126 0
-79 -127 0
-79 -128 0
-79 -129 0
-79 -130 0
-79 -131 0
-79 -132 0
-79 -133 0
-79 -134 0
-79 -135 0
-79 -136 0
-79 -137 0
-79 -138 0
-79 -139 0
-79 -140 0
-79 -141 0
-79 -142 0
-79 -143 0
-79 -144 0
-79 -145 0
-80 -81 0
-80 -82 0
-80 -83 0
-80 -84 0
-80 -85 0
-80 -86 0
-80 -87 0
-80 -88 0
-80 -89 0
-80 -90 0
-80 -91 0
-80 -92 0
-80 -93 0
-80 -94 0
-80 -95 0
-80 -96 0
-80 -97 0
-80 -98 0
-80 -99 0
-80 -100 0
-80 -101 0
-80 -102 0
-80 -103 0
-80 -104 0
-80 -105 0
-80 -106 0
-80 -107 0
-80 -108 0
-80 -109 0
-80 -110 0
-80 -111 0
-80 -112 0
-80 -113 0
-80 -114 0
-80 -115 0
-80 -116 0
-80 -117 0
-80 -118 0
-80 -119 0
-80 -120 0
-80 -121 0
-80 -122 0
-80 -123 0
-80 -124 0
-80 -125 0
-80 -126 0
-80 -127 0
-80 -128 0
-80 -129 0
-80 -130 0
-80 -131 0
-80 -132 0
-80 -133 0
-80 -134 0
-80 -135 0
-80 -136 0
-80 -137 0
-80 -138 0
-80 -139 0
-80 -140 0
-80 -141 0
-80 -142 0
-80 -143 0
-80 -144 0
-80 -145 0
-81 -82 0
-81 -83 0
-81 -84 0
-81 -85 0
-81 -86 0
-81 -87 0
-81 -88 0
-81 -89 0
-81 -90 0
-81 -91 0
-81 -92 0
-81 -93 0
-81 -94 0
-81 -95 0
-81 -96 0
-81 -97 0
-81 -98 0
-81 -99 0
-81 -100 0
-81 -101 0
-81 -102 0
-81 -103 0
-81 -104 0
-81 -105 0
-81 -106 0
-81 -107 0
-81 -108 0
-81 -109 0
-81 -110 0
-81 -111 0
-81 -112 0
-81 -113 0
-81 -114 0
-81 -115 0
-81 -116 0
-81 -117 0
-81 -118 0
-81 -119 0
-81 -120 0
-81 -121 0
-81 -122 0
-81 -123 0
-81 -124 0
-81 -125 0
-81 -126 0
-81 -127 0
-81 -128 0
-81 -129 0
-81 -130 0
-81 -131 0
-81 -132 0
-81 -133 0
-81 -134 0
-81 -135 0
-81 -136 0
-81 -137 0
-81 -138 0
-81 -139 0
-81 -140 0
-81 -141 0
-81 -142 0
-81 -143 0
-81 -144 0
-81 -145 0
-82 -83 0
-82 -84 0
-82 -85 0
-82 -86 0
-82 -87 0
-82 -88 0
-82 -89 0
-82 -90 0
-82 -91 0
-82 -92 0
-82 -93 0
-82 -94 0
-82 -95 0
-82 -96 0
-82 -97 0
-82 -98 0
-82 -99 0
-82 -100 0
-82 -101 0
-82 -102 0
-82 -103 0
-82 -104 0
-82 -105 0
-82 -106 0
-82 -107 0
-82 -108 0
-82 -109 0
-82 -110 0
-82 -111 0
-82 -112 0
-82 -113 0
-82 -114 0
-82 -115 0
-82 -116 0
-82 -117 0
-82 -118 0
-82 -119 0
-82 -120 0
-82 -121 0
-82 -122 0
-82 -123 0
-82 -124 0
-82 -125 0
-82 -126 0
-82 -127 0
-82 -128 0
-82 -129 0
-82 -130 0
-82 -131 0
-82 -132 0
-82 -133 0
-82 -134 0
-82 -135 0
-82 -136 0
-82 -137 0
-82 -138 0
-82 -139 0
-82 -140 0
-82 -141 0
-82 -142 0
-82 -143 0
-82 -144 0
-82 -145 0
-83 -84 0
-83 -85 0
-83 -86 0
-83 -87 0
-83 -88 0
-83 -89 0
-83 -90 0
-83 -91 0
-83 -92 0
-83 -93 0
-83 -94 0
-83 -95 0
-83 -96 0
-83 -97 0
-83 -98 0
-83 -99 0
-83 -100 0
-83 -101 0
-83 -102 0
-83 -103 0
-83 -104 0
-83 -105 0
-83 -106 0
-83 -107 0
-83 -108 0
-83 -109 0
-83 -110 0
-83 -111 0
-83 -112 0
-83 -113 0
-83 -114 0
-83 -115 0
-83 -116 0
-83 -117 0
-83 -118 0
-83 -119 0
-83 -120 0
-83 -121 0
-83 -122 0
-83 -123 0
-83 -124 0
-83 -125 0
-83 -126 0
-83 -127 0
-83 -128 0
-83 -129 0
-83 -130 0
-83 -131 0
-83 -132 0
-83 -133 0
-83 -134 0
-83 -135 0
-83 -136 0
-83 -137 0
-83 -138 0
-83 -139 0
-83 -140 0
-83 -141 0
-83 -142 0
-83 -143 0
-83 -144 0
-83 -145 0
-84 -85 0
-84 -86 0
-84 -87 0
-84 -88 0
-84 -89 0
-84 -90 0
-84 -91 0
-84 -92 0
-84 -93 0
-84 -94 0
-84 -95 0
-84 -96 0
-84 -97 0
-84 -98 0
-84 -99 0
-84 -100 0
-84 -101 0
-84 -102 0
-84 -103 0
-84 -104 0
-84 -105 0
-84 -106 0
-84 -107 0
-84 -108 0
-84 -109 0
-84 -110 0
-84 -111 0
-84 -112 0
-84 -113 0
-84 -114 0
-84 -115 0
-84 -116 0
-84 -117 0
-84 -118 0
-84 -119 0
-84 -120 0
-84 -121 0
-84 -122 0
-84 -123 0
-84 -124 0
-84 -125 0
-84 -126 0
-84 -127 0
-84 -128 0
-84 -129 0
-84 -130 0
-84 -131 0
-84 -132 0
-84 -133 0
-84 -134 0
-84 -135 0
-84 -136 0
-84 -137 0
-84 -138 0
-84 -139 0
-84 -140 0
-84 -141 0
-84 -142 0
-84 -143 0
-84 -144 0
-84 -145 0
-85 -86 0
-85 -87 0
-85 -88 0
-85 -89 0
-85 -90 0
-85 -91 0
-85 -92 0
-85 -93 0
-85 -94 0
-85 -95 0
-85 -96 0
-85 -97 0
-85 -98 0
-85 -99 0
-85 -100 0
-85 -101 0
-85 -102 0
-85 -103 0
-85 -104 0
-85 -105 0
-85 -106 0
-85 -107 0
-85 -108 0
-85 -109 0
-85 -110 0
-85 -111 0
-85 -112 0
-85 -113 0
-85 -114 0
-85 -115 0
-85 -116 0
-85 -117 0
-85 -118 0
-85 -119 0
-85 -120 0
-85 -121 0
-85 -122 0
-85 -123 0
-85 -124 0
-85 -125 0
-85 -126 0
-85 -127 0
-85 -128 0
-85 -129 0
-85 -130 0
-85 -131 0
-85 -132 0
-85 -133 0
-85 -134 0
-85 -135 0
-85 -136 0
-85 -137 0
-85 -138 0
-85 -139 0
-85 -140 0
-85 -141 0
-85 -142 0
-85 -143 0
-85 -144 0
-85 -145 0
-86 -87 0
-86 -88 0
-86 -89 0
-86 -90 0
-86 -91 0
-86 -92 0
-86 -93 0
-86 -94 0
-86 -95 0
-86 -96 0
-86 -97 0
-86 -98 0
-86 -99 0
-86 -100 0
-86 -101 0
-86 -102 0
-86 -103 0
-86 -104 0
-86 -105 0
-86 -106 0
-86 -107 0
-86 -108 0
-86 -109 0
-86 -110 0
-86 -111 0
-86 -112 0
-86 -113 0
-86 -114 0
-86 -115 0
-86 -116 0
-86 -117 0
-86 -118 0
-86 -119 0
-86 -120 0
-86 -121 0
-86 -122 0
-86 -123 0
-86 -124 0
-86 -125 0
-86 -126 0
-86 -127 0
-86 -128 0
-86 -129 0
-86 -130 0
-86 -131 0
-86 -132 0
-86 -133 0
-86 -134 0
-86 -135 0
-86 -136 0
-86 -137 0
-86 -138 0
-86 -139 0
-86 -140 0
-86 -141 0
-86 -142 0
-86 -143 0
-86 -144 0
-86 -145 0
-87 -88 0
-87 -89 0
-87 -90 0
-87 -91 0
-87 -92 0
-87 -93 0
-87 -94 0
-87 -95 0
-87 -96 0
-87 -97 0
-87 -98 0
-87 -99 0
-87 -100 0
-87 -101 0
-87 -102 0
-87 -103 0
-87 -104 0
-87 -105 0
-87 -106 0
-87 -107 0
-87 -108 0
-87 -109 0
-87 -110 0
-87 -111 0
-87 -112 0
-87 -113 0
-87 -114 0
-87 -115 0
-87 -116 0
-87 -117 0
-87 -118 0
-87 -119 0
-87 -120 0
-87 -121 0
-87 -122 0
-87 -123 0
-87 -124 0
-87 -125 0
-87 -126 0
-87 -127 0
-87 -128 0
-87 -129 0
-87 -130 0
-87 -131 0
-87 -132 0
-87 -133 0
-87 -134 0
-87 -135 0
-87 -136 0
-87 -137 0
-87 -138 0
-87 -139 0
-87 -140 0
-87 -141 0
-87 -142 0
-87 -143 0
-87 -144 0
-87 -145 0
-88 -89 0
-88 -90 0
-88 -91 0
-88 -92 0
-88 -93 0
-88 -94 0
-88 -95 0
-88 -96 0
-88 -97 0
-88 -98 0
-88 -99 0
-88 -100 0
-88 -101 0
-88 -102 0
-88 -103 0
-88 -104 0
-88 -105 0
-88 -106 0
-88 -107 0
-88 -108 0
-88 -109 0
-88 -110 0
-88 -111 0
-88 -112 0
-88 -113 0
-88 -114 0
-88 -115 0
-88 -116 0
-88 -117 0
-88 -118 0
-88 -119 0
-88 -120 0
-88 -121 0
-88 -122 0
-88 -123 0
-88 -124 0
-88 -125 0
-88 -126 0
-88 -127 0
-88 -128 0
-88 -129 0
-88 -130 0
-88 -131 0
-88 -132 0
-88 -133 0
-88 -134 0
-88 -135 0
-88 -136 0
-88 -137 0
-88 -138 0
-88 -139 0
-88 -140 0
-88 -141 0
-88 -142 0
-88 -143 0
-88 -144 0
-88 -145 0
-89 -90 0
-89 -91 0
-89 -92 0
-89 -93 0
-89 -94 0
-89 -95 0
-89 -96 0
-89 -97 0
-89 -98 0
-89 -99 0
-89 -100 0
-89 -101 0
-89 -102 0
-89 -103 0
-89 -104 0
-89 -105 0
-89 -106 0
-89 -107 0
-89 -108 0
-89 -109 0
-89 -110 0
-89 -111 0
-89 -112 0
-89 -113 0
-89 -114 0
-89 -115 0
-89 -116 0
-89 -117 0
-89 -118 0
-89 -119 0
-89 -120 0
-89 -121 0
-89 -122 0
-89 -123 0
-89 -124 0
-89 -125 0
-89 -126 0
-89 -127 0
-89 -128 0
-89 -129 0
-89 -130 0
-89 -131 0
-89 -132 0
-89 -133 0
-89 -134 0
-89 -135 0
-89 -136 0
-89 -137 0
-89 -138 0
-89 -139 0
-89 -140 0
-89 -141 0
-89 -142 0
-89 -143 0
-89 -144 0
-89 -145 0
-90 -91 0
-90 -92 0
-90 -93 0
-90 -94 0
-90 -95 0
-90 -96 0
-90 -97 0
-90 -98 0
-90 -99 0
-90 -100 0
-90 -101 0
-90 -102 0
-90 -103 0
-90 -104 0
-90 -105 0
-90 -106 0
-90 -107 0
-90 -108 0
-90 -109 0
-90 -110 0
-90 -111 0
-90 -112 0
-90 -113 0
-90 -114 0
-90 -115 0
-90 -116 0
-90 -117 0
-90 -118 0
-90 -119 0
-90 -120 0
-90 -121 0
-90 -122 0
-90 -123 0
-90 -124 0
-90 -125 0
-90 -126 0
-90 -127 0
-90 -128 0
-90 -129 0
-90 -130 0
-90 -131 0
-90 -132 0
-90 -133 0
-90 -134 0
-90 -135 0
-90 -136 0
-90 -137 0
-90 -138 0
-90 -139 0
-90 -140 0
-90 -141 0
-90 -142 0
-90 -143 0
-90 -144 0
-90 -145 0
-91 -92 0
-91 -93 0
-91 -94 0
-91 -95 0
-91 -96 0
-91 -97 0
-91 -98 0
-91 -99 0
-91 -100 0
-91 -101 0
-91 -102 0
-91 -103 0
-91 -104 0
-91 -105 0
-91 -106 0
-91 -107 0
-91 -108 0
-91 -109 0
-91 -110 0
-91 -111 0
-91 -112 0
-91 -113 0
-91 -114 0
-91 -115 0
-91 -116 0
-91 -117 0
-91 -118 0
-91 -119 0
-91 -120 0
-91 -121 0
-91 -122 0
-91 -123 0
-91 -124 0
-91 -125 0
-91 -126 0
-91 -127 0
-91 -128 0
-91 -129 0
-91 -130 0
-91 -131 0
-91 -132 0
-91 -133 0
-91 -134 0
-91 -135 0
-91 -136 0
-91 -137 0
-91 -138 0
-91 -139 0
-91 -140 0
-91 -141 0
-91 -142 0
-91 -143 0
-91 -144 0
-91 -145 0
-92 -93 0
-92 -94 0
-92 -95 0
-92 -96 0
-92 -97 0
-92 -98 0
-92 -99 0
-92 -100 0
-92 -101 0
-92 -102 0
-92 -103 0
-92 -104 0
-92 -105 0
-92 -106 0
-92 -107 0
-92 -108 0
-92 -109 0
-92 -110 0
-92 -111 0
-92 -112 0
-92 -113 0
-92 -114 0
-92 -115 0
-92 -116 0
-92 -117 0
-92 -118 0
-92 -119 0
-92 -120 0
-92 -121 0
-92 -122 0
-92 -123 0
-92 -124 0
-92 -125 0
-92 -126 0
-92 -127 0
-92 -128 0
-92 -129 0
-92 -130 0
-92 -131 0
-92 -132 0
-92 -133 0
-92 -134 0
-92 -135 0
-92 -136 0
-92 -137 0
-92 -138 0
-92 -139 0
-92 -140 0
-92 -141 0
-92 -142 0
-92 -143 0
-92 -144 0
-92 -145 0
-93 -94 0
-93 -95 0
-93 -96 0
-93 -97 0
-93 -98 0
-93 -99 0
-93 -100 0
-93 -101 0
-93 -102 0
-93 -103 0
-93 -104 0
-93 -105 0
-93 -106 0
-93 -107 0
-93 -108 0
-93 -109 0
-93 -110 0
-93 -111 0
-93 -112 0
-93 -113 0
-93 -114 0
-93 -115 0
-93 -116 0
-93 -117 0
-93 -118 0
-93 -119 0
-93 -120 0
-93 -121 0
-93 -122 0
-93 -123 0
-93 -124 0
-93 -125 0
-93 -126 0
-93 -127 0
-93 -128 0
-93 -129 0
-93 -130 0
-93 -131 0
-93 -132 0
-93 -133 0
-93 -134 0
-93 -135 0
-93 -136 0
-93 -137 0
-93 -138 0
-93 -139 0
-93 -140 0
-93 -141 0
-93 -142 0
-93 -143 0
-93 -144 0
-93 -145 0
-94 -95 0
-94 -96 0
-94 -97 0
-94 -98 0
-94 -99 0
-94 -100 0
-94 -101 0
-94 -102 0
-94 -103 0
-94 -104 0
-94 -105 0
-94 -106 0
-94 -107 0
-94 -108 0
-94 -109 0
-94 -110 0
-94 -111 0
-94 -112 0
-94 -113 0
-94 -114 0
-94 -115 0
-94 -116 0
-94 -117 0
-94 -118 0
-94 -119 0
-94 -120 0
-94 -121 0
-94 -122 0
-94 -123 0
-94 -124 0
-94 -125 0
-94 -126 0
-94 -127 0
-94 -128 0
-94 -129 0
-94 -130 0
-94 -131 0
-94 -132 0
-94 -133 0
-94 -134 0
-94 -135 0
-94 -136 0
-94 -137 0
-94 -138 0
-94 -139 0
-94 -140 0
-94 -141 0
-94 -142 0
-94 -143 0
-94 -144 0
-94 -145 0
-95 -96 0
-95 -97 0
-95 -98 0
-95 -99 0
-95 -100 0
-95 -101 0
-95 -102 0
-95 -103 0
-95 -104 0
-95 -105 0
-95 -106 0
-95 -107 0
-95 -108 0
-95 -109 0
-95 -110 0
-95 -111 0
-95 -112 0
-95 -113 0
-95 -114 0
-95 -115 0
-95 -116 0
-95 -117 0
-95 -118 0
-95 -119 0
-95 -120 0
-95 -121 0
-95 -122 0
-95 -123 0
-95 -124 0
-95 -125 0
-95 -126 0
-95 -127 0
-95 -128 0
-95 -129 0
-95 -130 0
-95 -131 0
-95 -132 0
-95 -133 0
-95 -134 0
-95 -135 0
-95 -136 0
-95 -137 0
-95 -138 0
-95 -139 0
-95 -140 0
-95 -141 0
-95 -142 0
-95 -143 0
-95 -144 0
-95 -145 0
-96 -97 0
-96 -98 0
-96 -99 0
-96 -100 0
-96 -101 0
-96 -102 0
-96 -103 0
-96 -104 0
-96 -105 0
-96 -106 0
-96 -107 0
-96 -108 0
-96 -109 0
-96 -110 0
-96 -111 0
-96 -112 0
-96 -113 0
-96 -114 0
-96 -115 0
-96 -116 0
-96 -117 0
-96 -118 0
-96 -119 0
-96 -120 0
-96 -121 0
-96 -122 0
-96 -123 0
-96 -124 0
-96 -125 0
-96 -126 0
-96 -127 0
-96 -128 0
-96 -129 0
-96 -130 0
-96 -131 0
-96 -132 0
-96 -133 0
-96 -134 0
-96 -135 0
-96 -136 0
-96 -137 0
-96 -138 0
-96 -139 0
-96 -140 0
-96 -141 0
-96 -142 0
-96 -143 0
-96 -144 0
-96 -145 0
-97 -98 0
-97 -99 0
-97 -100 0
-97 -101 0
-97 -102 0
-97 -103 0
-97 -104 0
-97 -105 0
-97 -106 0
-97 -107 0
-97 -108 0
-97 -109 0
-97 -110 0
-97 -111 0
-97 -112 0
-97 -113 0
-97 -114 0
-97 -115 0
-97 -116 0
-97 -117 0
-97 -118 0
-97 -119 0
-97 -120 0
-97 -121 0
-97 -122 0
-97 -123 0
-97 -124 0
-97 -125 0
-97 -126 0
-97 -127 0
-97 -128 0
-97 -129 0
-97 -130 0
-97 -131 0
-97 -132 0
-97 -133 0
-97 -134 0
-97 -135 0
-97 -136 0
-97 -137 0
-97 -138 0
-97 -139 0
-97 -140 0
-97 -141 0
-97 -142 0
-97 -143 0
-97 -144 0
-97 -145 0
-98 -99 0
-98 -100 0
-98 -101 0
-98 -102 0
-98 -103 0
-98 -104 0
-98 -105 0
-98 -106 0
-98 -107 0
-98 -108 0
-98 -109 0
-98 -110 0
-98 -111 0
-98 -112 0
-98 -113 0
-98 -114 0
-98 -115 0
-98 -116 0
-98 -117 0
-98 -118 0
-98 -119 0
-98 -120 0
-98 -121 0
-98 -122 0
-98 -123 0
-98 -124 0
-98 -125 0
-98 -126 0
-98 -127 0
-98 -128 0
-98 -129 0
-98 -130 0
-98 -131 0
-98 -132 0
-98 -133 0
-98 -134 0
-98 -135 0
-98 -136 0
-98 -137 0
-98 -138 0
-98 -139 0
-98 -140 0
-98 -141 0
-98 -142 0
-98 -143 0
-98 -144 0
-98 -145 0
-99 -100 0
-99 -101 0
-99 -102 0
-99 -103 0
-99 -104 0
-99 -105 0
-99 -106 0
-99 -107 0
-99 -108 0
-99 -109 0
-99 -110 0
-99 -111 0
-99 -112 0
-99 -113 0
-99 -114 0
-99 -115 0
-99 -116 0
-99 -117 0
-99 -118 0
-99 -119 0
-99 -120 0
-99 -121 0
-99 -122 0
-99 -123 0
-99 -124 0
-99 -125 0
-99 -126 0
-99 -127 0
-99 -128 0
-99 -129 0
-99 -130 0
-99 -131 0
-99 -132 0
-99 -133 0
-99 -134 0
-99 -135 0
-99 -136 0
-99 -137 0
-99 -138 0
-99 -139 0
-99 -140 0
-99 -141 0
-99 -142 0
-99 -143 0
-99 -144 0
-99 -145 0
-100 -101 0
-100 -102 0
-100 -103 0
-100 -104 0
-100 -105 0
-100 -106 0
-100 -107 0
-100 -108 0
-100 -109 0
-100 -110 0
-100 -111 0
-100 -112 0
-100 -113 0
-100 -114 0
-100 -115 0
-100 -116 0
-100 -117 0
-100 -118 0
-100 -119 0
-100 -120 0
-100 -121 0
-100 -122 0
-100 -123 0
-100 -124 0
-100 -125 0
-100 -126 0
-100 -127 0
-100 -128 0
-100 -129 0
-100 -130 0
-100 -131 0
-100 -132 0
-100 -133 0
-100 -134 0
-100 -135 0
-100 -136 0
-100 -137 0
-100 -138 0
-100 -139 0
-100 -140 0
-100 -141 0
-100 -142 0
-100 -143 0
-100 -144 0
-100 -145 0
-101 -102 0
-101 -103 0
-101 -104 0
-101 -105 0
-101 -106 0
-101 -107 0
-101 -108 0
-101 -109 0
-101 -110 0
-101 -111 0
-101 -112 0
-101 -113 0
-101 -114 0
-101 -115 0
-101 -116 0
-101 -117 0
-101 -118 0
-101 -119 0
-101 -120 0
-101 -121 0
-101 -122 0
-101 -123 0
-101 -124 0
-101 -125 0
-101 -126 0
-101 -127 0
-101 -128 0
-101 -129 0
-101 -130 0
-101 -131 0
-101 -132 0
-101 -133 0
-101 -134 0
-101 -135 0
-101 -136 0
-101 -137 0
-101 -138 0
-101 -139 0
-101 -140 0
-101 -141 0
-101 -142 0
-101 -143 0
-101 -144 0
-101 -145 0
-102 -103 0
-102 -104 0
-102 -105 0
-102 -106 0
-102 -107 0
-102 -108 0
-102 -109 0
-102 -110 0
-102 -111 0
-102 -112 0
-102 -113 0
-102 -114 0
-102 -115 0
-102 -116 0
-102 -117 0
-102 -118 0
-102 -119 0
-102 -120 0
-102 -121 0
-102 -122 0
-102 -123 0
-102 -124 0
-102 -125 0
-102 -126 0
-102 -127 0
-102 -128 0
-102 -129 0
-102 -130 0
-102 -131 0
-102 -132 0
-102 -133 0
-102 -134 0
-102 -135 0
-102 -136 0
-102 -137 0
-102 -138 0
-102 -139 0
-102 -140 0
-102 -141 0
-102 -142 0
-102 -143 0
-102 -144 0
-102 -145 0
-103 -104 0
-103 -105 0
-103 -106 0
-103 -107 0
-103 -108 0
-103 -109 0
-103 -110 0
-103 -111 0
-103 -112 0
-103 -113 0
-103 -114 0
-103 -115 0
-103 -116 0
-103 -117 0
-103 -118 0
-103 -119 0
-103 -120 0
-103 -121 0
-103 -122 0
-103 -123 0
-103 -124 0
-103 -125 0
-103 -126 0
-103 -127 0
-103 -128 0
-103 -129 0
-103 -130 0
-103 -131 0
-103 -132 0
-103 -133 0
-103 -134 0
-103 -135 0
-103 -136 0
-103 -137 0
-103 -138 0
-103 -139 0
-103 -140 0
-103 -141 0
-103 -142 0
-103 -143 0
-103 -144 0
-103 -145 0
-104 -105 0
-104 -106 0
-104 -107 0
-104 -108 0
-104 -109 0
-104 -110 0
-104 -111 0
-104 -112 0
-104 -113 0
-104 -114 0
-104 -115 0
-104 -116 0
-104 -117 0
-104 -118 0
-104 -119 0
-104 -120 0
-104 -121 0
-104 -122 0
-104 -123 0
-104 -124 0
-104 -125 0
-104 -126 0
-104 -127 0
-104 -128 0
-104 -129 0
-104 -130 0
-104 -131 0
-104 -132 0
-104 -133 0
-104 -134 0
-104 -135 0
-104 -136 0
-104 -137 0
-104 -138 0
-104 -139 0
-104 -140 0
-104 -141 0
-104 -142 0
-104 -143 0
-104 -144 0
-104 -145 0
-105 -106 0
-105 -107 0
-105 -108 0
-105 -109 0
-105 -110 0
-105 -111 0
-105 -112 0
-105 -113 0
-105 -114 0
-105 -115 0
-105 -116 0
-105 -117 0
-105 -118 0
-105 -119 0
-105 -120 0
-105 -121 0
-105 -122 0
-105 -123 0
-105 -124 0
-105 -125 0
-105 -126 0
-105 -127 0
-105 -128 0
-105 -129 0
-105 -130 0
-105 -131 0
-105 -132 0
-105 -133 0
-105 -134 0
-105 -135 0
-105 -136 0
-105 -137 0
-105 -138 0
-105 -139 0
-105 -140 0
-105 -141 0
-105 -142 0
-105 -143 0
-105 -144 0
-105 -145 0
-106 -107 0
-106 -108 0
-106 -109 0
-106 -110 0
-106 -111 0
-106 -112 0
-106 -113 0
-106 -114 0
-106 -115 0
-106 -116 0
-106 -117 0
-106 -118 0
-106 -119 0
-106 -120 0
-106 -121 0
-106 -122 0
-106 -123 0
-106 -124 0
-106 -125 0
-106 -126 0
-106 -127 0
-106 -128 0
-106 -129 0
-106 -130 0
-106 -131 0
-106 -132 0
-106 -133 0
-106 -134 0
-106 -135 0
-106 -136 0
-106 -137 0
-106 -138 0
-106 -139 0
-106 -140 0
-106 -141 0
-106 -142 0
-106 -143 0
-106 -144 0
-106 -145 0
-107 -108 0
-107 -109 0
-107 -110 0
-107 -111 0
-107 -112 0
-107 -113 0
-107 -114 0
-107 -115 0
-107 -116 0
-107 -117 0
-107 -118 0
-107 -119 0
-107 -120 0
-107 -121 0
-107 -122 0
-107 -123 0
-107 -124 0
-107 -125 0
-107 -126 0
-107 -127 0
-107 -128 0
-107 -129 0
-107 -130 0
-107 -131 0
-107 -132 0
-107 -133 0
-107 -134 0
-107 -135 0
-107 -136 0
-107 -137 0
-107 -138 0
-107 -139 0
-107 -140 0
-107 -141 0
-107 -142 0
-107 -143 0
-107 -144 0
-107 -145 0
-108 -109 0
-108 -110 0
-108 -111 0
-108 -112 0
-108 -113 0
-108 -114 0
-108 -115 0
-108 -116 0
-108 -117 0
-108 -118 0
-108 -119 0
-108 -120 0
-108 -121 0
-108 -122 0
-108 -123 0
-108 -124 0
-108 -125 0
-108 -126 0
-108 -127 0
-108 -128 0
-108 -129 0
-108 -130 0
-108 -131 0
-108 -132 0
-108 -133 0
-108 -134 0
-108 -135 0
-108 -136 0
-108 -137 0
-108 -138 0
-108 -139 0
-108 -140 0
-108 -141 0
-108 -142 0
-108 -143 0
-108 -144 0
-108 -145 0
-109 -110 0
-109 -111 0
-109 -112 0
-109 -113 0
-109 -114 0
-109 -115 0
-109 -116 0
-109 -117 0
-109 -118 0
-109 -119 0
-109 -120 0
-109 -121 0
-109 -122 0
-109 -123 0
-109 -124 0
-109 -125 0
-109 -126 0
-109 -127 0
-109 -128 0
-109 -129 0
-109 -130 0
-109 -131 0
-109 -132 0
-109 -133 0
-109 -134 0
-109 -135 0
-109 -136 0
-109 -137 0
-109 -138 0
-109 -139 0
-109 -140 0
-109 -141 0
-109 -142 0
-109 -143 0
-109 -144 0
-109 -145 0
-110 -111 0
-110 -112 0
-110 -113 0
-110 -114 0
-110 -115 0
-110 -116 0
-110 -117 0
-110 -118 0
-110 -119 0
-110 -120 0
-110 -121 0
-110 -122 0
-110 -123 0
-110 -124 0
-110 -125 0
-110 -126 0
-110 -127 0
-110 -128 0
-110 -129 0
-110 -130 0
-110 -131 0
-110 -132 0
-110 -133 0
-110 -134 0
-110 -135 0
-110 -136 0
-110 -137 0
-110 -138 0
-110 -139 0
-110 -140 0
-110 -141 0
-110 -142 0
-110 -143 0
-110 -144 0
-110 -145 0
-111 -112 0
-111 -113 0
-111 -114 0
-111 -115 0
-111 -116 0
-111 -117 0
-111 -118 0
-111 -119 0
-111 -120 0
-111 -121 0
-111 -122 0
-111 -123 0
-111 -124 0
-111 -125 0
-111 -126 0
-111 -127 0
-111 -128 0
-111 -129 0
-111 -130 0
-111 -131 0
-111 -132 0
-111 -133 0
-111 -134 0
-111 -135 0
-111 -136 0
-111 -137 0
-111 -138 0
-111 -139 0
-111 -140 0
-111 -141 0
-111 -142 0
-111 -143 0
-111 -144 0
-111 -145 0
-112 -113 0
-112 -114 0
-112 -115 0
-112 -116 0
-112 -117 0
-112 -118 0
-112 -119 0
-112 -120 0
-112 -121 0
-112 -122 0
-112 -123 0
-112 -124 0
-112 -125 0
-112 -126 0
-112 -127 0
-112 -128 0
-112 -129 0
-112 -130 0
-112 -131 0
-112 -132 0
-112 -133 0
-112 -134 0
-112 -135 0
-112 -136 0
-112 -137 0
-112 -138 0
-112 -139 0
-112 -140 0
-112 -141 0
-112 -142 0
-112 -143 0
-112 -144 0
-112 -145 0
-113 -114 0
-113 -115 0
-113 -116 0
-113 -117 0
-113 -118 0
-113 -119 0
-113 -120 0
-113 -121 0
-113 -122 0
-113 -123 0
-113 -124 0
-113 -125 0
-113 -126 0
-113 -127 0
-113 -128 0
-113 -129 0
-113 -130 0
-113 -131 0
-113 -132 0
-113 -133 0
-113 -134 0
-113 -135 0
-113 -136 0
-113 -137 0
-113 -138 0
-113 -139 0
-113 -140 0
-113 -141 0
-113 -142 0
-113 -143 0
-113 -144 0
-113 -145 0
-114 -115 0
-114 -116 0
-114 -117 0
-114 -118 0
-114 -119 0
-114 -120 0
-114 -121 0
-114 -122 0
-114 -123 0
-114 -124 0
-114 -125 0
-114 -126 0
-114 -127 0
-114 -128 0
-114 -129 0
-114 -130 0
-114 -131 0
-114 -132 0
-114 -133 0
-114 -134 0
-114 -135 0
-114 -136 0
-114 -137 0
-114 -138 0
-114 -139 0
-114 -140 0
-114 -141 0
-114 -142 0
-114 -143 0
-114 -144 0
-114 -145 0
-115 -116 0
-115 -117 0
-115 -118 0
-115 -119 0
-115 -120 0
-115 -121 0
-115 -122 0
-115 -123 0
-115 -124 0
-115 -125 0
-115 -126 0
-115 -127 0
-115 -128 0
-115 -129 0
-115 -130 0
-115 -131 0
-115 -132 0
-115 -133 0
-115 -134 0
-115 -135 0
-115 -136 0
-115 -137 0
-115 -138 0
-115 -139 0
-115 -140 0
-115 -141 0
-115 -142 0
-115 -143 0
-115 -144 0
-115 -145 0
-116 -117 0
-116 -118 0
-116 -119 0
-116 -120 0
-116 -121 0
-116 -122 0
-116 -123 0
-116 -124 0
-116 -125 0
-116 -126 0
-116 -127 0
-116 -128 0
-116 -129 0
-116 -130 0
-116 -131 0
-116 -132 0
-116 -133 0
-116 -134 0
-116 -135 0
-116 -136 0
-116 -137 0
-116 -138 0
-116 -139 0
-116 -140 0
-116 -141 0
-116 -142 0
-116 -143 0
-116 -144 0
-116 -145 0
-117 -118 0
-117 -119 0
-117 -120 0
-117 -121 0
-117 -122 0
-117 -123 0
-117 -124 0
-117 -125 0
-117 -126 0
-117 -127 0
-117 -128 0
-117 -129 0
-117 -130 0
-117 -131 0
-117 -132 0
-117 -133 0
-117 -134 0
-117 -135 0
-117 -136 0
-117 -137 0
-117 -138 0
-117 -139 0
-117 -140 0
-117 -141 0
-117 -142 0
-117 -143 0
-117 -144 0
-117 -145 0
-118 -119 0
-118 -120 0
-118 -121 0
-118 -122 0
-118 -123 0
-118 -124 0
-118 -125 0
-118 -126 0
-118 -127 0
-118 -128 0
-118 -129 0
-118 -130 0
-118 -131 0
-118 -132 0
-118 -133 0
-118 -134 0
-118 -135 0
-118 -136 0
-118 -137 0
-118 -138 0
-118 -139 0
-118 -140 0
-118 -141 0
-118 -142 0
-118 -143 0
-118 -144 0
-118 -145 0
-119 -120 0
-119 -121 0
-119 -122 0
-119 -123 0
-119 -124 0
-119 -125 0
-119 -126 0
-119 -127 0
-119 -128 0
-119 -129 0
-119 -130 0
-119 -131 0
-119 -132 0
-119 -133 0
-119 -134 0
-119 -135 0
-119 -136 0
-119 -137 0
-119 -138 0
-119 -139 0
-119 -140 0
-119 -141 0
-119 -142 0
-119 -143 0
-119 -144 0
-119 -145 0
-120 -121 0
-120 -122 0
-120 -123 0
-120 -124 0
-120 -125 0
-120 -126 0
-120 -127 0
-120 -128 0
-120 -129 0
-120 -130 0
-120 -131 0
-120 -132 0
-120 -133 0
-120 -134 0
-120 -135 0
-120 -136 0
-120 -137 0
-120 -138 0
-120 -139 0
-120 -140 0
-120 -141 0
-120 -142 0
-120 -143 0
-120 -144 0
-120 -145 0
-121 -122 0
-121 -123 0
-121 -124 0
-121 -125 0
-121 -126 0
-121 -127 0
-121 -128 0
-121 -129 0
-121 -130 0
-121 -131 0
-121 -132 0
-121 -133 0
-121 -134 0
-121 -135 0
-121 -136 0
-121 -137 0
-121 -138 0
-121 -139 0
-121 -140 0
-121 -141 0
-121 -142 0
-121 -143 0
-121 -144 0
-121 -145 0
-122 -123 0
-122 -124 0
-122 -125 0
-122 -126 0
-122 -127 0
-122 -128 0
-122 -129 0
-122 -130 0
-122 -131 0
-122 -132 0
-122 -133 0
-122 -134 0
-122 -135 0
-122 -136 0
-122 -137 0
-122 -138 0
-122 -139 0
-122 -140 0
-122 -141 0
-122 -142 0
-122 -143 0
-122 -144 0
-122 -145 0
-123 -124 0
-123 -125 0
-123 -126 0
-123 -127 0
-123 -128 0
-123 -129 0
-123 -130 0
-123 -131 0
-123 -132 0
-123 -133 0
-123 -134 0
-123 -135 0
-123 -136 0
-123 -137 0
-123 -138 0
-123 -139 0
-123 -140 0
-123 -141 0
-123 -142 0
-123 -143 0
-123 -144 0
-123 -145 0
-124 -125 0
-124 -126 0
-124 -127 0
-124 -128 0
-124 -129 0
-124 -130 0
-124 -131 0
-124 -132 0
-124 -133 0
-124 -134 0
-124 -135 0
-124 -136 0
-124 -137 0
-124 -138 0
-124 -139 0
-124 -140 0
-124 -141 0
-124 -142 0
-124 -143 0
-124 -144 0
-124 -145 0
-125 -126 0
-125 -127 0
-125 -128 0
-125 -129 0
-125 -130 0
-125 -131 0
-125 -132 0
-125 -133 0
-125 -134 0
-125 -135 0
-125 -136 0
-125 -137 0
-125 -138 0
-125 -139 0
-125 -140 0
-125 -141 0
-125 -142 0
-125 -143 0
-125 -144 0
-125 -145 0
-126 -127 0
-126 -128 0
-126 -129 0
-126 -130 0
-126 -131 0
-126 -132 0
-126 -133 0
-126 -134 0
-126 -135 0
-126 -136 0
-126 -137 0
-126 -138 0
-126 -139 0
-126 -140 0
-126 -141 0
-126 -142 0
-126 -143 0
-126 -144 0
-126 -145 0
-127 -128 0
-127 -129 0
-127 -130 0
-127 -131 0
-127 -132 0
-127 -133 0
-127 -134 0
-127 -135 0
-127 -136 0
-127 -137 0
-127 -138 0
-127 -139 0
-127 -140 0
-127 -141 0
-127 -142 0
-127 -143 0
-127 -144 0
-127 -145 0
-128 -129 0
-128 -130 0
-128 -131 0
-128 -132 0
-128 -133 0
-128 -134 0
-128 -135 0
-128 -136 0
-128 -137 0
-128 -138 0
-128 -139 0
-128 -140 0
-128 -141 0
-128 -142 0
-128 -143 0
-128 -144 0
-128 -145 0
-129 -130 0
-129 -131 0
-129 -132 0
-129 -133 0
-129 -134 0
-129 -135 0
-129 -136 0
-129 -137 0
-129 -138 0
-129 -139 0
-129 -140 0
-129 -141 0
-129 -142 0
-129 -143 0
-129 -144 0
-129 -145 0
-130 -131 0
-130 -132 0
-130 -133 0
-130 -134 0
-130 -135 0
-130 -136 0
-130 -137 0
-130 -138 0
-130 -139 0
-130 -140 0
-130 -141 0
-130 -142 0
-130 -143 0
-130 -144 0
-130 -145 0
-131 -132 0
-131 -133 0
-131 -134 0
-131 -135 0
-131 -136 0
-131 -137 0
-131 -138 0
-131 -139 0
-131 -140 0
-131 -141 0
-131 -142 0
-131 -143 0
-131 -144 0
-131 -145 0
-132 -133 0
-132 -134 0
-132 -135 0
-132 -136 0
-132 -137 0
-132 -138 0
-132 -139 0
-132 -140 0
-132 -141 0
-132 -142 0
-132 -143 0
-132 -144 0
-132 -145 0
-133 -134 0
-133 -135 0
-133 -136 0
-133 -137 0
-133 -138 0
-133 -139 0
-133 -140 0
-133 -141 0
-133 -142 0
-133 -143 0
-133 -144 0
-133 -145 0
-134 -135 0
-134 -136 0
-134 -137 0
-134 -138 0
-134 -139 0
-134 -140 0
-134 -141 0
-134 -142 0
-134 -143 0
-134 -144 0
-134 -145 0
-135 -136 0
-135 -137 0
-135 -138 0
-135 -139 0
-135 -140 0
-135 -141 0
-135 -142 0
-135 -143 0
-135 -144 0
-135 -145 0
-136 -137 0
-136 -138 0
-136 -139 0
-136 -140 0
-136 -141 0
-136 -142 0
-136 -143 0
-136 -144 0
-136 -145 0
-137 -138 0
-137 -139 0
-137 -140 0
-137 -141 0
-137 -142 0
-137 -143 0
-137 -144 0
-137 -145 0
-138 -139 0
-138 -140 0
-138 -141 0
-138 -142 0
-138 -143 0
-138 -144 0
-138 -145 0
-139 -140 0
-139 -141 0
-139 -142 0
-139 -143 0
-139 -144 0
-139 -145 0
-140 -141 0
-140 -142 0
-140 -143 0
-140 -144 0
-140 -145 0
-141 -142 0
-141 -143 0
-141 -144 0
-141 -145 0
-142 -143 0
-142 -144 0
-142 -145 0
-143 -144 0
-143 -145 0
-144 -145 0
