10 -3 -17 15 19 0
8 6 -16 2 1 0
-15 20 -18 -1 -13 0
17 0
-3 16 2 0
20 -6 1 -2 -15 0
3 -19 18 -2 14 0
-7 17 0
6 -3 0
15 0
-11 3 8 0
8 -12 -15 0
5 -14 0
20 19 0
16 15 9 7 0
-11 -19 -12 0
-6 -12 -2 -3 -5 0
-16 13 0
-6 13 12 16 20 0
-7 -16 2 9 18 0
9 -4 1 -2 0
2 16 0
-13 -10 -19 0
-19 6 -1 8 3 0
9 20 -5 0
-11 16 -12 0
-20 19 12 5 0
-2 -20 -11 16 8 0
16 0
1 -10 0
3 -7 -5 15 2 0
-5 -8 -17 -3 0
9 20 16 -19 -7 0
-15 -17 -8 -7 4 0
-8 9 12 -13 0
-1 -14 10 7 20 0
-12 17 -1 -6 0
5 -2 18 3 1 0
-8 5 -16 0
-11 14 -18 0
8 -19 -12 -11 -20 0
4 -20 0
-7 8 -14 0
8 -20 15 0
14 18 0
5 4 -3 -14 -20 0
7 -3 0
4 -20 -15 3 10 0
-11 9 0
-10 -4 -20 0
15 0
1 0
-4 4 0
