-6 -15 0
6 -12 -7 0
6 -12 18 -15 -2 0
-10 9 -3 -15 0
-3 -2 -1 0
-16 15 19 8 -1 0
-13 -6 -12 0
-17 -5 -18 11 0
-5 -18 -1 3 -11 0
-12 17 16 0
-4 5 14 -11 19 0
-15 0
15 3 10 -8 0
17 -6 -15 -9 0
2 0
5 16 -17 19 0
2 -19 10 16 0
18 0
-9 11 -12 14 3 0
-18 17 3 4 0
3 18 0
9 -17 16 0
13 -2 -6 0
7 -11 0
2 0
-7 13 0
18 15 -9 12 0
19 8 0
-1 0
19 -18 -7 9 0
2 16 14 -3 0
18 3 0
7 8 0
-20 -16 0
-14 1 2 -17 -4 0
-10 3 15 -19 1 0
4 -18 -12 1 -7 0
10 3 6 -9 0
15 -19 11 5 0
18 -17 0
-1 0
-11 -10 20 -16 12 0
14 -15 -6 17 13 0
-3 -19 0
10 15 6 -20 0
13 -5 -9 19 -15 0
1 14 16 -7 8 0
2 -11 7 0
-18 -5 -3 -7 0
-4 17 -11 -10 20 0
-11 16 10 -18 0
-13 9 11 0
-3 -19 0
6 17 -5 12 -1 0
19 12 3 -7 6 0
-9 1 -13 14 0
19 -4 0
-5 -1 -18 -9 19 0
-14 -11 0
-7 0
-16 -11 0
-2 9 20 13 -3 0
-15 -8 -3 0
-4 -15 -1 -16 0
3 13 0
-19 11 -12 10 -8 0
19 -14 3 0
-16 8 0
-7 0
6 13 2 0
