<<<<<<< HEAD
10 -3 -17 15 19 0
8 6 -16 2 1 0
-15 20 -18 -1 -13 0
17 0
-3 16 2 0
20 -6 1 -2 -15 0
3 -19 18 -2 14 0
-7 17 0
6 -3 0
15 0
-11 3 8 0
8 -12 -15 0
5 -14 0
20 19 0
16 15 9 7 0
-11 -19 -12 0
-6 -12 -2 -3 -5 0
-16 13 0
-6 13 12 16 20 0
-7 -16 2 9 18 0
9 -4 1 -2 0
2 16 0
-13 -10 -19 0
-19 6 -1 8 3 0
9 20 -5 0
-11 16 -12 0
-20 19 12 5 0
-2 -20 -11 16 8 0
16 0
1 -10 0
3 -7 -5 15 2 0
-5 -8 -17 -3 0
9 20 16 -19 -7 0
-15 -17 -8 -7 4 0
-8 9 12 -13 0
-1 -14 10 7 20 0
-12 17 -1 -6 0
5 -2 18 3 1 0
-8 5 -16 0
-11 14 -18 0
8 -19 -12 -11 -20 0
4 -20 0
-7 8 -14 0
8 -20 15 0
14 18 0
5 4 -3 -14 -20 0
7 -3 0
4 -20 -15 3 10 0
-11 9 0
-10 -4 -20 0
=======
-22 5 -25 0
19 -8 4 -6 17 0
-29 26 34 33 0
1 6 29 17 0
21 0
-1 -3 14 0
-9 -16 -2 -6 7 0
-26 -24 11 -23 0
27 24 -22 28 -9 0
-13 29 -10 -7 -11 0
20 -27 24 12 0
31 -23 12 -3 0
-19 22 -7 29 0
28 -35 7 -10 0
32 -2 11 4 19 0
7 0
-27 0
35 13 -29 -30 20 0
-35 -19 3 -7 0
7 -9 -15 -25 -12 0
3 -6 17 0
-15 -12 32 0
-34 -35 -17 0
-35 -2 -9 0
25 -24 -5 -20 0
-10 0
-11 2 18 16 0
-18 24 -31 17 0
14 0
-29 11 -7 0
31 16 0
20 23 -1 -34 10 0
11 -16 0
-25 -13 6 21 0
-1 18 19 0
25 28 7 -10 0
-5 0
-27 -30 -35 32 -31 0
-30 14 -7 -26 0
20 -10 14 0
34 0
-26 -28 -5 0
12 -28 -19 0
-2 4 19 12 0
-28 -12 -2 26 0
22 18 13 -31 14 0
34 0
-18 0
-13 30 -25 28 35 0
-14 -4 -5 0
28 -27 4 -10 -9 0
-2 8 -22 17 23 0
3 0
27 -17 15 -10 0
-2 -17 -28 0
-31 -16 -25 0
27 -1 0
19 15 -5 0
21 3 -9 0
-27 8 0
16 -6 -1 24 5 0
-1 0
-9 20 -12 0
-2 0
33 25 -20 6 24 0
18 13 -24 35 22 0
-9 -32 3 -33 -29 0
5 23 6 0
-28 -4 33 0
1 30 0
6 0
-15 20 -21 0
4 20 0
9 -7 0
-5 -28 0
2 -21 -17 0
5 24 33 1 0
-10 0
11 27 -34 13 0
3 24 0
-27 -25 -28 0
27 14 0
-13 -23 20 4 9 0
33 0
-20 0
7 -16 -20 15 25 0
22 -5 -25 0
1 21 27 -13 0
-18 -30 -6 -4 0
10 5 9 -3 -12 0
-22 0
-27 -8 0
3 0
-6 -19 -17 -34 0
19 33 4 5 0
18 -8 24 0
-34 6 0
-22 18 3 -34 0
-30 14 -15 -31 0
-10 0
34 -8 -4 0
21 4 32 3 -27 0
-24 33 0
-23 0
-1 -26 -11 -33 7 0
-26 -22 0
4 32 -19 35 33 0
-2 -6 -17 0
35 20 12 7 8 0
31 -25 0
-9 -1 -4 10 3 0
2 -24 -21 -27 10 0
-5 0
32 -1 -35 -15 -21 0
33 13 -3 0
4 -10 0
25 -1 31 0
-13 11 0
-28 33 -32 0
-4 1 -25 18 0
2 10 30 0
-33 28 -17 0
3 27 1 21 0
-6 -15 -28 -7 0
21 0
-7 -16 32 28 -4 0
-18 -10 20 -8 0
-31 -26 19 0
27 -28 14 -17 -26 0
28 -7 4 10 -33 0
10 23 8 0
-3 -18 -6 0
9 0
15 4 -10 0
-17 -31 -34 2 -21 0
8 0
-4 -19 -7 -18 0
8 17 -22 9 19 0
26 -19 12 0
-31 -7 0
-7 3 -5 12 -1 0
12 -23 0
-15 32 -6 0
-17 -23 -29 -5 25 0
28 -9 -32 -27 15 0
-2 -7 -15 0
-10 -23 8 27 12 0
-27 16 8 0
26 -22 0
7 4 11 0
-3 -27 12 10 -9 0
-6 26 -25 0
-23 0
-26 -17 22 30 0
-2 -9 35 -17 -11 0
32 -21 -17 0
10 -18 -24 -2 -21 0
-13 33 -11 -19 0
3 0
-10 9 -32 5 1 0
6 0
20 24 0
-15 -6 21 0
-31 0
-11 -35 -21 0
34 7 30 24 27 0
31 26 -15 27 30 0
-14 -32 -2 29 25 0
-29 27 -31 -24 0
8 32 0
-1 29 21 35 -8 0
-17 -1 -5 30 0
-6 -11 -22 0
-20 -7 -2 -9 -16 0
-17 0
26 -27 -21 4 -13 0
-23 -6 0
4 -7 -17 19 0
-13 -18 0
7 0
10 -12 26 0
31 -34 33 -11 0
-17 -32 0
-35 28 0
33 16 8 28 35 0
13 15 0
2 4 17 -29 -6 0
30 0
-20 0
-27 -35 0
-7 29 34 -17 0
18 -16 -5 -12 -28 0
4 9 -31 0
8 0
26 -2 32 -13 -14 0
13 14 -10 -11 0
-8 -23 -29 -27 0
26 7 -13 0
23 32 8 18 0
24 27 0
>>>>>>> 9232a1b741f86e46e34d973a62352bfb5d5e8735
